1000
160  938
615  1237
951  263
357  1113
1320  1924
393  1484
318  110
350  1028
1593  581
1449  1603
1214  369
1969  1570
1585  281
1134  874
726  1498
1224  85
1047  1330
1797  1552
1997  592
1195  1042
193  1551
670  459
1091  1552
852  1011
1433  1923
1579  1774
1867  1499
198  343
1262  868
1501  1608
371  1542
1575  1342
1699  177
1263  220
1840  142
1753  1338
1197  1311
1651  1306
1072  1894
1120  649
140  408
1085  1921
1191  1405
663  1579
75  1312
385  49
304  340
1461  1686
1770  85
1950  1782
1480  898
1645  1290
1100  128
1379  172
1558  743
548  1891
543  1322
66  1957
1370  1608
36  112
958  563
170  1263
1256  1532
209  896
573  692
397  810
59  1731
707  1940
1352  837
650  36
988  1034
725  114
1234  813
1444  1841
1615  1138
1116  1593
1326  138
557  1166
848  903
204  428
531  1481
1412  1690
386  1954
266  1933
564  1259
721  1359
33  168
1580  1301
1439  754
1668  1359
802  66
893  729
725  1525
1951  1731
261  245
1373  97
1682  1793
4  1163
1058  549
1576  1077
356  1105
1634  302
1347  950
1639  246
367  1272
264  883
1464  283
1078  1162
1677  322
1684  1948
733  1235
1451  251
1291  1174
569  1214
1149  1106
364  1737
1262  128
923  1183
527  780
1959  1014
1157  1781
514  956
261  685
760  522
511  1901
1355  785
494  714
132  1995
43  1893
1853  1711
494  1801
981  833
1974  118
510  1548
549  1316
901  430
1209  1956
580  1676
1110  1107
1227  611
943  1089
179  117
1931  1108
1973  54
672  1513
725  1306
1338  935
563  1073
43  717
992  1202
1313  1218
153  241
442  1281
371  579
294  1100
337  1321
1890  1680
1253  1394
513  381
1140  421
1005  1824
1713  621
117  696
550  1992
759  1241
685  1009
1297  1145
1701  1000
1791  1101
1891  1762
1984  1803
680  1414
1307  580
874  946
1410  533
1570  1838
1450  1602
335  1666
91  1621
1864  1901
869  1063
677  42
1862  412
1894  762
513  575
1578  1788
1833  677
1443  1208
52  1853
364  887
1619  1235
747  1352
1504  1572
632  0
1829  168
1901  1829
85  1158
992  1175
1194  974
800  954
1423  534
187  1210
1373  995
307  1456
1092  785
1364  1904
598  338
540  1308
1258  731
0  187
1883  892
1996  202
1806  188
177  1307
1155  1753
180  1954
140  867
1890  604
1954  1357
981  1986
486  264
251  1206
1566  1381
715  369
1033  920
94  466
657  233
956  742
969  245
1018  842
1696  1731
39  1342
1787  1988
1211  454
980  1895
542  406
1948  294
350  1745
1463  1600
985  478
1143  101
952  105
1088  764
176  1768
1629  771
1784  949
517  248
1496  1445
1817  645
1323  835
1925  1348
522  1203
981  213
604  1051
1861  1314
410  1585
1449  1775
589  1866
614  1295
1764  7
858  1152
532  473
172  1135
616  1004
205  1759
985  1245
1138  1791
945  1970
1792  1635
159  1430
781  947
287  1167
399  677
1627  1251
997  1161
1964  221
828  638
715  92
461  1720
1781  468
559  715
89  1212
290  1096
1957  58
492  1270
694  858
1723  1469
1575  550
1060  1759
1683  1277
1196  1945
1462  1639
1361  349
619  1116
331  588
361  103
525  1859
966  1831
1023  92
575  490
1773  1703
1301  1812
1530  1233
901  1197
744  1261
574  534
1752  1472
407  1194
1836  1519
83  1161
74  702
1373  310
511  1501
993  457
791  1538
1714  1944
403  838
1461  272
1144  983
1412  1622
400  556
273  1997
556  719
1230  1239
1062  1967
398  1640
1517  1305
575  175
1944  178
1706  94
1784  714
478  535
1073  938
744  1701
1911  1722
1281  413
406  1070
1901  39
1378  1286
1971  1177
773  280
1349  870
1490  1315
445  215
1398  1134
1543  1937
479  1784
80  978
447  451
246  351
1606  700
1222  1777
1596  1878
1554  814
491  1483
1736  1588
214  253
574  16
1295  1325
913  1913
73  78
1249  1131
1460  1388
1368  1277
1584  1975
1966  1899
1384  840
797  115
111  954
1903  608
662  1111
515  1040
280  1644
1137  1661
878  1633
608  259
24  178
1734  1845
419  100
1736  1870
873  837
1998  1304
1473  708
216  451
1587  1961
445  1382
457  290
1360  458
1644  975
1723  1762
1602  1225
1629  1153
1224  1895
632  501
1132  1050
13  261
1120  1324
768  1380
1027  9
225  682
420  1500
200  564
1254  1343
101  409
1853  1372
468  546
755  19
580  1664
531  487
358  961
238  89
656  1537
1435  1133
1987  1401
1635  1773
12  448
269  672
1273  1022
340  357
151  1873
1249  1782
773  1197
197  1263
1501  219
855  1282
221  1560
440  1929
567  1866
157  1434
476  1801
1868  40
568  762
1167  439
213  1674
109  1041
338  1032
802  667
135  1347
35  1171
1517  54
1815  1131
1335  1669
1727  1262
1329  144
799  1961
1664  77
1386  480
1131  559
1214  993
934  187
1298  1387
13  60
1683  269
404  1697
959  1269
1673  767
1396  1133
804  918
43  732
1206  1487
1349  1246
517  1133
949  1121
1885  762
1692  1432
191  1445
1945  885
409  332
668  1198
796  835
1348  121
14  1473
1690  563
448  1002
670  1681
675  1830
817  670
51  1838
561  1061
183  292
289  994
404  1338
677  1858
628  565
1897  292
1622  1633
563  416
141  1457
1181  835
194  1916
1953  821
297  1498
1393  1143
1471  924
1835  342
1013  834
219  1423
930  1459
1449  665
1582  170
1122  695
1786  1062
982  647
1099  1074
22  558
250  700
1986  1935
1529  1747
1582  1313
1389  1111
404  935
902  617
941  1258
828  265
1062  1135
1795  77
1503  1538
50  1991
898  1789
340  1893
174  81
94  1740
105  169
1106  1646
334  1655
1846  4
29  894
592  1432
515  784
445  588
346  16
528  977
114  855
1687  1455
468  1799
128  448
711  678
112  1721
1445  1620
453  1263
1709  1891
696  1565
735  1859
1051  1042
1154  914
1932  1715
1882  477
589  682
1050  1587
1678  1169
1004  1298
602  1152
550  213
847  1843
243  38
1538  1270
700  1501
732  1041
1680  1378
69  1509
148  1746
864  1356
1515  1752
715  1513
1955  1827
217  1378
918  1193
7  744
1317  1236
1696  1792
1602  343
763  549
359  1175
1866  1177
586  1244
907  305
1127  1615
98  81
51  752
524  1919
760  979
863  1957
648  676
1406  111
220  64
1104  1901
991  1628
1355  1777
397  1538
692  618
756  186
819  1034
1170  478
902  1260
426  1375
1124  1029
1352  560
1480  870
23  1512
1750  206
0  1458
433  898
25  1967
416  1732
1946  287
1797  952
1440  663
160  1480
1366  1509
1103  421
1773  635
1168  50
576  1091
1313  596
1994  1621
1405  1827
1177  1530
1459  1868
92  725
550  1321
786  348
1379  1262
1939  1227
611  478
88  414
1597  1482
1241  175
613  733
1279  912
262  903
965  1686
1779  1728
679  788
1725  903
131  2000
1640  933
1245  1316
907  612
34  1869
220  930
513  501
408  645
1164  1172
1924  1605
1083  1707
1644  383
729  1261
1841  698
1872  1554
1290  199
298  1410
1634  771
177  852
947  961
1483  150
126  432
711  307
1674  291
903  583
303  600
252  935
603  1344
1631  1464
1691  1705
1110  941
116  1901
53  481
1280  1558
134  310
1267  489
994  1123
1045  360
758  1332
1594  195
1013  823
708  1929
206  919
1116  380
226  211
1645  372
1635  7
823  656
1780  908
790  1963
589  1554
1563  1320
1026  946
1366  930
23  1648
1261  792
83  278
870  1214
1226  1843
873  1393
252  1183
995  1153
1191  1343
1573  453
417  130
272  432
123  1179
982  302
818  1731
1704  946
691  1231
1350  451
662  477
889  1495
78  1899
1215  1759
1300  898
945  1445
1859  997
1590  627
70  1033
1421  435
177  576
401  1318
549  99
29  1390
721  349
1340  1813
1667  584
1196  217
1025  417
617  1646
674  1193
562  1805
1472  1462
137  298
966  284
1325  533
1588  1182
1214  353
454  391
760  913
1850  893
1064  870
703  248
1662  1091
343  465
78  938
1118  1684
1094  220
484  146
1409  1805
1387  1408
347  1714
1232  115
1899  1539
946  630
1536  1881
19  1632
1567  750
1077  885
183  1636
687  959
1377  1928
1995  1995
135  1212
1067  1063
732  1869
1014  222
1452  1686
1389  170
541  367
30  1283
1101  576
770  1184
501  1794
1122  474
1758  1670
561  1070
1145  1036
17  566
163  375
279  1387
467  1921
532  1402
510  328
914  1145
1208  1439
1632  357
511  995
1014  878
1272  513
845  55
782  1714
1306  1534
1537  1707
31  403
307  1738
1165  1045
1464  649
596  1313
1822  1885
1079  414
32  1327
1276  1143
1523  1338
176  901
709  1842
1355  115
1789  292
292  1712
986  241
1888  1683
405  1075
193  596
1971  1067
1795  1924
1139  328
113  627
462  1734
1891  869
872  888
1035  921
1697  33
1308  869
1379  1450
329  1604
277  1380
389  64
1958  1504
921  420
150  16
1702  607
1435  885
1920  734
656  1696
1493  961
638  332
708  737
468  741
1943  559
837  423
145  859
1015  601
874  1519
625  1562
307  299
1129  134
1346  1972
1301  1813
194  1405
219  394
409  1355
453  759
289  1538
53  1092
112  1363
550  1070
703  1598
1408  990
840  609
858  1191
1025  318
1568  1314
278  444
89  1722
449  58
1184  538
1416  544
1646  800
938  1298
1428  581
552  807
1495  647
118  13
1446  1354
1706  871
577  385
547  1061
1323  246
1395  700
772  1323
629  807
197  168
424  1525
1147  1598
1028  583
46  1961
599  1918
739  785
475  198
822  1441
1330  181
1724  1271
1882  817
270  1181
1080  1458
252  1205
867  690
722  1968
1397  619
533  1434
31  214
736  1838
1488  241
1112  539
367  1518
816  346
41  693
511  820
220  1225
1498  1288
1113  575
363  400
8  981
1335  1534
1685  765
1881  720
981  1744
1291  1487
445  1138
779  1254
529  574
728  1983
805  535
1815  1140
155  1570
35  1084
1460  813
1415  1290
67  168
515  221
1616  1454
1286  989
298  428
471  1197
394  312
45  396
117  1427
1418  703
1226  701
1510  1176
0  1837
1928  413
46  912
1827  1922
1787  250
136  1846
4  361
1518  1354
665  1406
1647  811
876  1818
509  168
1494  65
206  238
1972  569
1004  1950
1072  554
1982  1110
100  1773
127  1551
839  1345
502  1631
1290  1586
9  783
1814  1950
182  1191
934  1048
968  1269
941  271
312  351
304  180
957  845
765  1639
1343  1299
150  754
1843  286
1921  1592
1313  559
330  651
456  1744
1035  627
1867  857
387  1968
1828  307
1071  180
1479  1741
1428  1128
1021  239
996  1074
1357  931
1586  192
87  1260
832  704
662  220
629  1690
1108  1477
87  1331
1522  708
507  1026
1924  1140
645  1205
1864  592
948  519
1212  678
