1000
1772  594
449  1385
676  1477
768  627
1519  1584
431  86
1240  31
1671  435
168  1911
1269  1406
448  74
1503  459
810  1459
384  936
352  1523
1741  490
407  1891
1248  602
374  830
277  810
354  1430
1340  1675
1782  1841
335  491
41  1081
1264  1843
347  1123
1530  627
225  492
1221  121
34  390
1497  291
1760  1013
1543  909
1133  274
1723  1494
279  865
1231  1708
1068  804
855  975
879  142
778  1200
418  569
1508  1390
1526  1609
708  1843
1268  1060
636  1807
731  1967
654  1272
1165  202
435  1298
354  412
1728  684
1361  821
259  1829
1202  290
203  677
269  451
751  584
441  477
900  346
1887  1885
652  1548
1832  791
275  1080
1663  785
349  617
637  1515
1654  753
806  1006
1916  929
1085  1706
1940  709
1218  1273
1947  1508
524  171
1728  1385
1074  689
759  844
1833  492
841  93
1243  1117
919  1913
1997  1744
282  1448
1871  1143
1207  1010
539  325
887  1661
1630  1084
1046  770
1063  1622
1880  1870
44  825
1961  504
138  1720
748  1520
457  1711
196  1078
313  1118
1230  680
28  559
889  152
1802  731
1840  297
1081  1074
1034  872
596  104
1783  810
1499  188
1081  767
1058  1672
1431  283
52  1547
1397  1581
323  691
875  842
34  366
1158  298
1011  1475
1431  1431
560  1542
734  824
39  1714
572  650
1773  331
178  1454
1251  1971
1047  1257
1871  146
1156  990
955  1938
1231  1157
490  515
436  1978
1068  567
1130  1074
571  968
1469  1419
1897  0
1424  695
346  1404
1904  1868
1004  530
1904  1414
1321  401
827  495
474  1525
1559  103
1538  1585
1538  158
1532  1910
1305  972
1849  528
426  756
1630  1077
561  363
1279  1243
481  7
588  1115
1500  969
1920  1063
4  223
1294  262
159  641
658  1514
1811  464
1216  1839
1174  196
851  1677
1304  198
632  1078
493  354
1517  445
1976  841
1115  158
823  1599
1818  1209
751  470
917  1050
1516  1218
1214  1651
1817  138
270  500
1667  1385
290  864
1265  422
254  701
933  1065
121  1299
1577  76
1002  1797
73  1858
1780  1071
1024  1668
794  1177
680  302
772  1720
1566  876
1773  11
1050  1168
709  1650
357  1949
189  1246
995  926
554  740
1619  485
96  1811
938  900
1331  522
1495  442
1513  963
1806  416
1210  660
1050  1232
1826  142
1498  165
917  545
92  1472
1133  999
1970  242
26  233
1385  388
1873  850
111  1063
48  1664
1005  1799
205  1224
1081  1624
1776  529
1902  50
404  554
431  669
964  1367
1115  387
1594  412
497  1124
1012  944
807  1320
435  227
1881  1227
534  243
461  1553
1387  1537
650  562
1690  1654
535  1779
1583  2000
1262  1158
1451  1477
1943  683
870  1830
25  805
1859  1598
1675  1948
1644  478
1230  1212
706  1158
676  1723
806  124
595  732
436  33
1102  1346
1819  60
548  731
104  915
1550  1078
589  302
1732  966
1947  305
890  125
712  342
1603  1624
1661  487
669  543
1606  511
891  618
293  1294
1569  1951
398  1396
1701  1264
87  1761
979  442
770  1619
1414  1103
1709  362
830  208
1988  1784
35  1196
1099  1497
1456  253
93  751
1874  578
117  1880
1689  162
1853  1759
1751  1722
1359  1433
253  720
1574  1583
1117  1040
662  1984
41  1860
1680  759
740  1123
743  1757
201  1239
223  1470
1305  1325
693  1447
491  333
1065  1609
925  260
642  1970
1954  995
164  712
283  333
1695  60
326  950
393  1371
1607  265
1380  1759
66  460
835  1153
1949  1631
1566  575
1949  1515
624  1462
1836  845
1695  1089
1258  285
616  1988
277  1915
930  452
689  263
1392  1901
1644  353
818  1046
87  1262
1914  275
524  1533
952  1081
1158  627
424  1685
1667  1443
183  944
504  916
1493  1139
1223  1552
402  1494
915  405
1368  1261
1915  87
764  534
323  1367
1505  520
1971  399
265  849
567  149
1798  1710
1688  1778
1682  491
1944  190
443  1673
1354  1535
88  1268
1038  1643
728  1606
1091  1769
1173  1073
1722  1569
1815  1288
1010  718
338  1831
1632  644
655  730
373  1689
475  1756
92  707
1742  1103
1768  1718
1416  234
70  473
193  571
211  1048
1080  1664
412  24
204  1083
1552  1325
219  75
609  1937
1260  113
1479  1266
1428  789
1027  635
1106  277
1050  1930
704  718
66  1717
223  183
493  1883
624  1403
186  970
941  9
849  1862
565  646
1505  1460
263  1107
1219  75
1759  352
1853  1409
1821  779
1521  1024
95  1419
1785  1764
1807  1557
515  1213
1892  1930
343  1568
357  1234
216  1385
1648  220
399  718
1122  823
688  214
777  1930
345  667
1357  915
900  898
1600  983
1319  477
246  401
533  70
379  1747
1171  486
1463  574
1953  1516
1127  455
1494  1326
1461  728
1922  713
24  23
1646  966
450  1770
589  150
1588  1245
1753  440
1978  1293
801  1042
606  1983
41  1378
1924  1218
1815  248
1782  421
770  1024
1225  1980
201  1573
1799  271
273  1761
616  1372
330  4
1946  615
1327  312
1313  10
37  1507
130  1289
799  26
397  1592
1033  1512
1112  1794
1805  199
1130  653
310  665
1759  1445
512  52
1804  663
1255  735
402  843
1168  1295
45  1294
919  1914
1986  1580
703  1679
200  1504
251  1847
487  730
1562  1583
1024  746
1751  849
1612  1553
1589  477
1690  144
441  789
1665  1681
1927  259
1392  335
1451  164
651  45
1880  814
587  1007
69  555
447  1580
1420  1455
1665  1356
1256  575
643  1715
110  943
1323  857
1862  1995
1382  828
1250  1614
325  1191
1677  909
500  1404
1272  570
1496  1683
1246  1361
1209  1113
124  1281
738  320
869  1867
1466  1496
1520  264
892  402
338  640
1486  1531
309  234
1837  1909
1173  1958
1550  1486
1350  1974
1680  858
780  855
1293  1626
1187  252
1967  1264
867  187
1240  344
25  1810
530  1713
1858  501
55  1225
106  624
1522  1664
1775  1033
479  614
1357  112
1591  647
685  1560
1013  1019
575  1574
1128  1414
1698  1848
511  1045
625  843
1335  498
1155  1035
1794  843
1016  1993
142  1107
1374  1508
1159  1885
714  1325
1766  38
325  1350
1224  1857
92  152
505  720
546  1453
1472  1837
346  949
1376  1462
1642  1843
765  1609
1455  1365
352  888
1643  30
1887  1973
1190  810
616  349
938  1412
68  1308
1885  450
281  1436
827  1926
1381  936
252  514
592  782
1532  1347
181  496
1297  1380
194  84
1349  630
783  1682
1327  445
351  1876
511  1205
896  286
304  347
954  988
1945  472
194  1142
509  776
163  1983
164  1806
1553  9
1093  601
1635  904
1130  1202
995  928
1552  537
1104  1661
633  920
597  1622
1146  1025
530  1449
1868  1863
204  1542
1450  1632
756  1783
739  1479
598  1361
102  1055
602  1377
688  1489
522  667
1111  79
381  212
1137  188
1565  1741
959  293
780  1655
1349  490
685  1717
1895  38
807  693
1577  378
1907  1683
1179  928
104  742
1747  545
983  636
1007  1033
357  806
80  1420
1413  1774
1214  1754
1381  1
1932  742
1749  1543
1473  1387
422  1664
620  323
1264  1823
1928  1503
1899  390
851  711
138  1454
1609  743
1925  470
680  934
77  962
63  908
73  383
1925  1345
1994  884
157  1033
491  27
792  1902
158  395
1955  530
315  456
1903  1383
1469  485
1242  843
107  3
322  341
974  1622
1330  1481
156  79
1939  1089
975  831
332  1664
226  1042
1763  437
1473  1967
1358  225
535  529
1379  1608
886  1647
921  1072
654  660
453  1967
308  1921
392  433
966  760
1761  1697
481  902
979  657
765  1438
322  937
1925  1852
287  1620
1615  1863
1437  1048
1991  1924
1988  1563
1802  239
1920  585
1085  1003
1013  108
100  360
620  312
663  299
1288  569
1475  131
1280  625
140  1962
234  1911
876  1874
1448  741
1443  1592
1870  1587
836  1378
72  1540
1233  290
741  798
336  1591
900  360
846  1053
963  1325
680  1180
1043  681
1967  768
425  777
143  1471
1536  1500
312  1767
1997  601
1805  1428
231  1849
1917  455
1863  537
512  511
1608  1631
337  288
83  675
1530  1457
1378  1360
231  31
840  21
870  487
200  1570
1109  820
1516  1113
375  68
1560  1134
1491  547
811  773
218  17
396  1724
1197  209
629  9
1938  1697
1928  1650
1742  199
1455  486
1653  365
1496  1048
1680  1848
1305  1161
740  1034
728  1693
234  695
1469  107
149  602
73  652
286  1012
1653  1470
1964  1888
122  1868
736  1934
1892  273
1549  1142
423  321
1702  1434
1517  801
874  299
1352  1123
1412  518
923  869
1292  707
1575  958
1552  1595
887  1682
383  1408
727  1456
1154  684
1535  166
814  1670
470  1423
79  997
430  1095
689  998
1557  1444
566  1957
1753  545
501  1091
718  1205
824  1464
1270  1377
1388  829
317  1962
1042  1708
1880  1965
1603  1072
319  796
706  603
918  585
1422  1979
767  189
527  1615
212  765
153  60
923  195
1722  769
554  1090
480  135
1693  359
1714  529
1197  652
1329  1194
1994  605
1217  1669
1682  1960
1336  1217
570  1868
124  1936
1982  985
1411  752
1533  113
1431  971
1468  1449
1961  716
975  1615
292  1691
774  1367
833  1336
1961  1368
1432  1820
537  1827
1802  1501
1899  913
423  241
652  1887
179  416
1406  674
1667  473
174  337
1513  641
1918  1340
554  114
1445  263
1320  481
689  949
1173  703
645  1111
1761  916
1932  1553
1648  1133
897  1343
1104  1845
1154  586
875  202
1636  810
852  458
963  971
384  1547
321  227
1745  970
749  9
162  363
1102  1398
273  25
612  742
499  532
820  116
1546  1023
447  1970
1514  1125
1803  125
847  1610
169  1075
116  567
1893  1618
966  125
861  798
1285  776
1360  1266
1201  232
1371  1908
1348  1855
455  308
252  1303
1063  166
866  1183
371  1600
1603  146
1028  252
689  1281
553  1352
1976  1525
1129  1988
50  1895
1591  968
1189  1905
1718  546
313  1142
1308  41
1264  1280
1190  946
1347  1303
414  1702
494  773
1138  1819
822  986
1963  1360
1849  725
402  1904
1943  1178
1263  722
1964  1670
619  369
1904  178
41  1441
1898  1462
215  1123
884  1379
1985  1300
1252  1160
863  600
1838  745
1849  933
1888  1421
1565  92
1476  1948
1917  1396
1368  1658
2  1099
686  41
633  1118
742  769
1785  367
1445  1238
484  1726
20  852
306  498
213  1925
247  72
957  1881
771  682
465  297
851  427
821  519
1500  555
1567  1144
16  1796
571  1503
689  12
1888  512
1830  122
744  1446
1764  1474
1999  747
955  680
461  809
662  975
1629  941
267  1032
1816  1044
1394  785
1203  700
1997  209
772  1867
1077  774
1168  521
1434  1705
1962  1913
1950  224
83  688
1541  500
1162  675
1290  1950
1343  907
17  1817
47  1011
1023  1470
7  1817
183  584
