10000
705  857
1508  1791
498  1551
22  237
1449  365
827  178
556  1821
61  956
687  1078
1051  701
261  342
1965  1687
1422  1056
995  936
504  174
1053  1536
1201  331
1816  434
983  1609
281  1940
1562  1113
1118  68
1847  465
1746  1105
659  524
1420  1325
593  990
461  502
229  1966
441  1514
1326  596
1938  146
1030  1993
1663  338
1620  1769
668  266
1566  1725
1657  670
429  781
941  912
705  1023
874  294
679  1886
1292  292
705  1641
908  1172
1727  1112
1401  1782
966  713
998  1294
1350  1063
1658  85
1613  580
29  1998
1488  1549
1906  1872
320  1605
1298  1154
280  1727
1116  133
1539  793
186  1098
1472  1233
1415  1119
828  1742
298  571
1956  1179
365  755
613  1220
1035  812
746  1990
712  1955
752  621
1567  1993
1423  991
1999  1274
893  175
361  676
1834  597
1882  432
860  994
673  1602
1291  1396
1105  1855
1002  1162
1755  1878
959  337
1861  621
1628  1541
274  260
357  1266
915  1365
1657  1898
216  981
1935  1445
433  1193
438  1104
1504  1232
427  174
1310  203
652  487
714  500
1660  118
107  1185
124  381
1039  1497
217  550
1408  163
1346  124
984  410
1571  1041
1438  1497
1308  820
949  535
449  285
1940  987
42  1392
1016  1321
970  1273
847  617
1850  1275
669  1991
576  606
678  1835
981  889
655  547
1521  1212
1165  1833
1461  552
671  1591
190  528
1073  916
1312  900
1515  1032
1022  234
1689  821
1447  1334
942  1674
1474  1130
1427  1020
1087  1558
520  444
1150  1224
770  744
270  289
504  338
1835  1804
1633  795
187  147
1260  520
1841  1387
1785  56
1950  1485
169  1712
1055  1107
783  538
763  980
117  280
1125  1745
1518  1102
472  1606
15  661
1784  1699
150  1481
888  264
1769  1683
1674  230
1597  270
1734  1637
1639  1293
730  178
1971  141
268  1597
302  330
1816  1104
410  337
736  97
1160  729
730  168
1106  1444
808  40
1764  1152
1584  1807
1027  364
736  259
1663  963
1848  1421
1656  1462
1716  637
1980  1879
1708  311
1979  127
686  1706
1698  1445
936  440
1848  1096
801  1561
40  468
1048  1989
1403  1522
1266  83
66  1766
387  1975
390  1964
1602  1734
528  712
1532  942
752  765
732  1969
362  17
50  324
1524  537
62  373
773  906
907  602
989  715
1915  41
1227  1467
351  1831
594  287
1751  627
371  1889
338  360
559  1064
1750  530
1409  1097
1207  1999
1017  1742
168  12
1243  1962
898  530
797  1316
1129  1035
1761  1191
783  485
772  922
1301  570
1376  755
963  1659
1306  498
1817  1640
1414  1875
1279  293
1177  416
1234  136
1622  742
1423  322
1773  411
767  876
1365  61
1528  1421
329  959
1995  508
1403  1224
1090  244
70  1198
1722  1654
1423  46
8  1539
141  1928
1415  1294
966  1900
1232  779
126  1497
1508  1188
239  1803
985  461
1961  1327
218  544
280  1178
1930  248
236  903
1865  1571
995  1498
456  328
827  1932
1291  801
197  920
411  230
56  1757
897  153
989  113
1288  720
858  879
155  1550
1560  958
1333  354
124  1432
1313  1638
321  1682
687  342
1660  1156
969  1640
289  765
186  600
1986  1795
1500  1274
1055  1815
1639  766
1782  523
1786  1112
1334  1675
478  1601
942  585
549  230
1244  1064
159  1582
1769  1043
408  1363
1940  1852
1418  53
1555  1547
1164  961
853  892
810  11
676  802
1429  1722
487  1108
61  841
997  743
91  517
10  759
1216  1869
1892  266
1542  1009
410  211
1848  1763
449  157
382  388
808  500
1494  1831
1068  448
1863  1519
1095  17
1934  428
939  1170
1591  1581
652  400
1310  258
11  1044
728  314
1016  485
141  836
1402  19
1709  1267
1888  246
25  1573
1570  1541
218  1258
1060  940
654  1441
1319  1761
393  1347
1863  1349
66  1874
263  892
195  112
253  131
1367  166
1927  1109
1216  5
1417  1317
590  1786
1985  825
517  198
579  1621
340  835
1667  1796
1182  584
1762  977
1096  1552
146  1525
275  105
1516  17
783  653
161  669
385  948
586  694
1997  1011
670  207
167  1361
610  1523
218  967
114  1166
440  215
91  1523
902  1059
1190  218
1945  1207
1130  798
740  1912
957  1315
1590  483
1586  1201
1  369
1508  606
1980  1993
372  1767
983  1900
1656  1449
1609  733
1021  117
1377  974
1353  1151
140  1499
1887  1877
1824  281
1060  1497
1781  180
287  1555
1306  1019
178  1966
1176  213
1869  1909
1857  1939
1253  870
703  1665
1431  1361
1696  1510
178  843
169  1735
1852  1362
1687  1811
1930  456
1503  417
10  1454
1879  247
1415  574
880  710
1513  1919
573  1803
709  628
1034  1030
1498  1699
1124  1418
972  673
1883  1519
1462  588
1993  348
868  1461
410  966
1214  414
1420  136
428  928
849  1075
798  1224
1581  1311
1064  1335
671  708
891  901
900  1458
1695  527
924  571
403  1876
1262  1859
710  179
960  1278
801  401
1726  639
152  1376
992  1413
808  855
1780  87
704  1001
382  1189
1972  1577
506  1664
268  564
1849  1535
846  1706
55  1062
1309  973
817  459
369  1061
654  1975
1882  1470
827  1670
19  1343
1689  718
689  57
1154  1906
1761  39
1254  1325
77  46
1123  1739
1025  357
342  715
808  1865
1297  1048
1076  1033
1986  658
1111  1916
1156  480
1465  1351
231  134
403  393
1106  667
1072  1222
1578  1930
1713  652
1343  865
706  1686
1868  568
368  1599
1302  135
1487  1095
117  888
1354  1859
332  1439
1577  629
1605  1586
395  1029
12  1433
1816  590
1967  1029
422  1164
395  359
625  1827
264  1717
1398  605
413  1047
328  1059
1622  1851
317  993
26  704
1922  1764
860  1508
40  488
1929  1456
1706  1961
1368  1692
648  1759
181  1616
384  1773
814  536
621  1075
574  1985
1613  1289
138  1801
22  1792
416  854
1320  1501
676  403
1526  128
869  481
1280  1422
375  1174
1877  1140
1003  1705
1863  1255
1687  611
547  234
259  1287
32  392
1032  1129
280  535
221  1903
949  210
1952  658
1385  194
1574  1353
1769  1008
950  48
356  978
886  70
160  957
1369  903
38  1403
409  1239
383  284
1118  12
1346  1963
61  1746
1282  356
262  11
1654  1144
1768  419
1181  788
212  574
1881  1844
1353  55
1674  680
1956  1695
632  449
1214  528
1950  282
1155  297
1811  135
1974  448
627  451
1560  975
8  1381
1315  972
1147  267
1482  1508
1654  46
1163  924
984  1906
1240  1056
1257  1480
175  1831
1721  1388
1120  7
1841  690
92  1394
66  306
3  1627
157  1484
1440  90
1452  1312
1683  1079
969  745
708  116
1531  829
657  1908
7  1740
1636  1284
1341  253
1569  175
798  1748
1448  1361
1705  850
1748  1078
1926  101
1843  1028
352  1662
1144  134
1823  1782
1983  1772
411  1944
953  1046
1910  799
68  1246
1336  1717
1873  1879
761  1352
1464  1593
1313  1518
8  1479
1865  1075
67  1518
776  1619
1919  736
1384  1692
1036  1321
1823  1706
1130  1994
694  1524
1069  1550
879  1837
72  675
94  1162
712  1021
1529  443
1752  1284
578  1073
395  1679
1287  315
730  425
1319  1149
251  300
907  1863
1369  221
1093  142
1664  366
1812  1306
1136  606
1641  25
524  1829
497  1824
870  1647
1860  1526
291  6
162  38
1972  1744
578  1773
953  1962
1365  1361
1861  1710
378  1026
1486  1902
1972  1997
1881  1778
1573  208
441  1757
1038  1343
1281  284
1995  1885
1028  1416
594  557
1645  1942
534  1446
1573  1678
688  462
1317  749
285  1548
877  736
763  1214
518  417
1151  6
766  673
475  628
402  1628
680  1349
862  1455
682  1040
1113  140
1267  1137
912  401
1810  933
1138  1220
1298  15
1032  143
595  48
581  1137
500  61
1492  564
592  1944
1361  1451
1517  652
603  1464
1524  1644
1035  1526
1179  1540
179  581
1846  1435
231  155
1530  213
1157  179
1561  908
354  622
929  840
12  1426
928  1342
746  1815
1100  1101
306  1755
409  716
338  1190
1882  878
1830  501
436  505
274  1583
1098  406
962  56
160  1025
1370  856
1446  706
265  597
1490  185
416  166
1791  1484
332  1327
1652  725
1689  1281
1344  404
922  557
682  1421
1055  268
1644  464
318  1928
932  521
385  302
319  417
667  1239
1325  894
82  536
84  930
1650  717
1704  87
1937  1215
1344  504
773  1525
733  171
1026  949
309  716
246  534
1885  976
1691  1916
1225  1852
1242  213
1845  1741
1824  620
1258  1885
531  887
1710  820
226  602
1104  43
718  494
767  1707
1307  1482
527  228
828  667
543  1783
478  1501
599  969
75  458
1669  0
304  1376
964  89
708  1198
1306  596
308  116
152  1093
533  1621
1880  1846
730  151
1291  1343
610  140
978  1358
313  888
367  516
1534  843
1007  990
694  63
1432  46
630  203
1056  716
429  326
727  1311
1643  1886
854  1774
452  749
1263  634
1594  596
57  82
1762  111
512  335
1060  1970
686  67
719  1798
1227  1184
68  800
1324  1930
121  1703
309  1090
576  185
479  778
1111  1041
886  1807
1317  861
1591  1598
107  279
764  1929
1498  635
1871  428
119  479
1317  320
46  304
1745  354
1488  1499
770  2
1289  745
1907  1312
1462  1172
1525  152
281  52
97  650
1313  551
1368  316
1715  963
5  513
463  602
1988  493
1498  1964
1543  1991
1932  556
650  1102
419  1076
76  192
501  1710
1313  1272
1269  1029
1272  1700
713  1186
1872  18
1182  1955
197  1788
101  906
1171  1648
933  1543
1454  1098
549  1405
723  202
1212  790
1168  823
1199  1015
1530  1813
367  1006
1974  1077
1411  738
808  972
1688  148
1230  1341
1372  703
1032  1610
722  508
591  1582
278  615
1690  190
711  34
1802  1868
1904  1619
1456  1783
769  436
723  1985
402  666
1460  1712
1529  1385
1352  1920
168  1386
1007  1058
1637  397
694  1232
1529  871
788  896
1030  1590
320  915
567  1082
1670  1805
699  1930
1301  1799
1185  349
1415  857
100  912
1603  1625
931  1499
344  762
290  1371
855  1402
304  1433
1556  298
219  1865
1655  1780
1291  1040
571  1632
1271  1044
257  718
1521  1832
1999  1377
954  1488
827  369
231  365
133  685
268  313
1768  986
407  924
873  1056
1367  522
488  59
317  242
562  1101
1643  1316
1846  1270
561  1704
1790  1591
323  1940
739  738
785  1259
1897  1875
1159  474
185  1243
1520  366
367  297
502  1974
1914  1948
974  1073
1713  1734
940  570
1104  875
434  1039
282  1991
16  231
1209  349
1896  215
184  416
1392  1404
45  1407
1936  160
535  1955
917  1803
875  1256
1824  141
686  220
1539  255
1344  403
226  203
326  1686
64  1338
1106  796
443  1510
20  1101
1213  1065
1906  1146
182  1810
1464  1812
1253  1311
1306  845
1240  241
892  1262
197  738
1298  843
86  1532
52  743
1665  606
261  1525
859  249
940  993
535  915
1694  38
1948  34
1733  1480
1931  465
509  41
1596  982
1023  486
157  863
697  1826
742  407
909  117
474  1107
242  618
736  381
634  215
652  1586
1837  284
976  872
1503  1417
64  945
1896  532
1505  447
100  512
1349  1135
1535  826
1391  57
1655  478
1950  1526
1400  1021
1374  384
1041  1921
6  656
1120  1844
154  48
1682  263
1307  991
1866  576
426  168
1371  1525
1486  982
732  456
1627  1483
295  340
1077  653
508  1168
684  1761
1220  218
1717  1987
647  1670
1905  748
65  411
280  350
522  1335
417  805
1981  54
1991  1659
557  1988
16  806
1734  48
1721  1982
749  850
1573  156
1552  657
208  1318
1074  1964
1210  1434
1087  365
949  75
14  504
1290  1036
1724  692
222  339
1013  1561
905  97
1821  1355
1674  1893
1084  1632
455  1798
1099  1508
687  396
1702  486
466  279
826  649
928  1192
99  426
1973  1038
1886  191
1048  1454
18  1843
884  1525
1074  122
502  1021
261  832
352  1271
870  376
927  1557
1013  474
1506  1942
194  407
18  151
796  1986
1040  244
395  1487
193  1933
1573  1246
1178  333
1583  160
1470  1466
1774  431
203  547
1310  718
1888  167
1326  50
1129  156
1842  102
103  486
394  137
245  224
1684  1468
1472  1132
1259  49
416  51
716  47
378  1093
1375  722
222  1690
1386  855
1086  450
671  1012
1738  275
923  626
175  1805
916  1980
770  247
346  987
734  360
118  1358
1431  1431
447  1825
1332  343
991  281
916  1029
449  1425
657  451
1909  1419
171  1706
1597  215
1973  514
875  499
1070  983
769  1024
599  519
281  1074
1824  835
1751  841
1525  998
201  92
1862  1471
1374  546
274  21
647  454
1238  134
920  622
1079  1466
1303  1507
1233  1561
652  493
924  1496
31  1901
1632  393
1329  1202
828  483
1736  414
1156  1878
1793  1928
1426  1954
1485  1821
1296  1477
734  417
371  172
1310  872
1772  943
1286  1811
588  349
1187  1794
819  1074
193  457
375  1975
960  969
1748  1085
189  672
645  1663
1648  374
1131  1285
535  1086
1783  750
1638  1993
1773  1283
1271  681
904  468
1474  1487
1743  563
751  341
981  108
32  962
1886  1646
465  1576
1538  1126
426  932
1965  859
1058  1457
1529  1768
1751  1522
1932  39
884  890
389  242
1695  226
205  1178
313  697
911  902
133  274
1278  366
1668  1294
1847  1087
234  109
10  1683
1565  642
284  532
824  778
338  1567
773  460
1681  1633
688  886
75  404
1315  115
81  622
1955  462
27  733
1875  1772
1307  1784
143  1259
82  249
1808  50
1848  1597
570  1542
13  517
733  803
1927  1122
1615  1465
1304  1774
1009  25
1699  1000
1439  130
1265  1264
1185  1993
1724  610
1688  297
1798  413
830  1671
1246  1720
44  277
503  1835
1582  709
236  847
1217  72
625  1511
217  574
1357  1046
1445  1347
289  369
1240  1315
535  1619
1563  1837
1584  772
938  1847
434  527
812  430
750  1643
660  1720
1233  1279
1459  1166
364  1069
1035  170
322  1038
1904  1130
399  1540
1611  1835
1689  1299
1137  94
464  1039
188  247
1444  1351
1939  581
930  1995
1474  491
372  1074
1908  636
484  345
643  937
1671  1468
1608  19
1735  780
156  291
81  691
523  582
61  759
977  1960
981  1352
899  303
1815  1256
217  278
724  1776
993  1659
1601  1104
18  1008
460  535
1428  112
1504  1237
807  457
1189  559
1896  378
1668  1982
1578  1355
1858  757
1224  432
232  693
298  776
810  54
284  768
496  1800
1214  1124
1223  26
1518  7
302  1468
625  120
1818  1043
988  56
28  549
462  412
1741  1777
666  930
1922  829
696  856
1788  1905
773  294
173  1531
1818  249
434  1760
226  84
37  1863
561  1260
840  230
1735  1895
710  1556
405  343
1446  405
703  631
509  347
854  941
1137  966
712  787
17  1040
755  949
805  1724
571  234
813  1384
1528  1768
1501  459
442  727
1302  1258
619  201
114  1247
1142  1787
382  784
474  1063
1633  711
707  1968
1065  1711
1790  1280
1809  1287
1949  1365
465  1537
752  1953
1771  1575
1543  1942
840  1656
808  1304
890  1783
359  613
933  1228
331  515
1180  1722
1821  1883
78  486
954  965
547  373
1490  1100
1171  13
215  805
1800  590
479  1342
1959  1666
1632  29
1713  384
931  1093
1487  1025
1019  1813
1281  1256
889  176
1290  140
1828  1016
1530  395
185  717
1094  125
1019  529
1659  1583
1546  798
733  1641
941  1115
1558  897
1122  1201
1446  98
241  405
150  299
1206  1784
1399  1405
1910  347
749  1370
958  1348
296  26
1668  838
805  165
221  807
1344  878
361  401
406  1568
86  1562
571  47
971  1703
1605  890
72  66
770  1068
1656  1719
228  265
1592  912
36  39
1856  1419
432  26
752  454
1660  413
1025  1444
1187  834
969  358
1125  703
1408  837
1262  231
105  1162
1562  241
296  1287
1976  995
1395  360
584  949
165  13
519  847
1750  1565
1191  487
777  360
473  1203
207  345
1375  1799
436  1531
1438  1045
1613  781
1548  1063
775  876
1066  211
450  1929
968  1061
724  912
1023  1060
1313  350
1554  1537
204  1989
41  1252
1  1695
963  561
1810  591
967  925
1402  604
141  66
353  605
60  917
995  862
1553  819
1592  1948
6  1758
478  1321
288  1929
602  45
419  371
93  1578
1177  1719
1547  1426
1912  781
1118  877
118  648
1060  1558
349  1274
279  1070
867  186
343  1438
1548  1006
1679  953
891  501
1611  163
1174  156
948  745
567  1303
1526  615
1241  1360
1762  890
109  616
719  409
1807  1870
1454  904
594  1509
358  689
1008  963
1009  785
875  116
1381  30
565  1853
1680  970
1730  1629
349  1680
62  610
580  509
1712  547
1413  1376
998  1182
1841  800
1509  738
76  541
602  1210
999  799
205  459
1199  1110
1415  1212
1568  1643
1706  584
1855  229
1144  418
850  1305
1702  1738
910  619
1404  1798
1614  781
156  632
1906  809
64  181
77  102
127  1745
607  731
1712  487
1133  1756
1206  769
720  757
178  1088
63  391
1482  316
337  1213
313  1794
1502  1008
1050  1431
1082  32
1449  1212
1429  611
1391  767
1495  47
960  1794
67  1047
785  906
162  1320
1895  0
575  1521
1434  44
295  930
854  1675
654  1609
1196  1948
680  1323
936  1032
523  599
429  950
696  1550
2  764
1679  59
195  226
1787  1899
1364  1885
1074  89
1965  290
1388  435
1257  513
805  1020
117  1723
1707  481
471  1563
1752  66
216  603
208  708
1977  664
1866  1273
1460  818
284  985
1443  1936
834  1468
624  389
756  731
1539  278
1986  798
1495  812
771  1216
274  1283
2000  1668
1044  1752
1713  1095
687  1582
475  1069
756  1445
386  989
854  424
620  1886
1565  1607
1902  280
1489  73
1887  730
1331  1748
691  1030
522  1408
1546  664
1214  1917
253  1019
337  1890
1138  1979
1495  1966
1449  1601
454  1227
449  800
405  29
807  271
1184  1774
914  452
25  1407
820  67
1473  460
424  228
1374  219
430  1011
1803  1758
1381  993
343  1105
899  416
1963  1376
579  292
1940  488
251  819
1674  46
1582  1907
855  1684
1107  1560
461  223
1203  1721
842  1941
670  1865
345  1763
1103  1280
992  1843
1120  1262
1627  722
60  1302
1499  1895
630  275
1291  280
1513  76
335  1921
1393  552
1307  1209
1939  1886
118  74
178  1858
1431  727
1078  885
291  1201
1844  160
505  484
1933  873
1589  1149
628  1467
1172  1040
1368  1984
1754  1834
15  184
124  780
1994  1979
1396  819
1011  1549
1406  1543
799  1353
1453  220
549  1167
1659  1805
740  1598
927  1883
1388  1386
496  269
857  1033
1463  855
1771  1647
142  707
28  547
1819  1672
1295  1627
49  75
1856  1675
1635  1144
1988  1577
1524  116
443  849
753  1528
1941  590
932  1252
1291  1178
1193  739
778  701
1856  1831
991  1349
922  1607
1671  492
1279  568
498  1799
130  729
229  1114
1345  1080
217  1256
690  648
1049  1190
866  32
163  949
1331  559
607  1758
36  505
651  322
767  402
106  836
1843  1560
237  206
1464  1839
201  863
1639  1161
58  1881
1110  1530
1264  958
1274  1468
957  372
1434  1735
340  1648
339  64
883  1036
280  1315
685  641
1944  1088
271  1044
1515  336
1383  1974
1860  298
1917  565
344  46
1800  721
797  358
1203  1372
124  207
1792  1465
1521  1195
615  901
3  1429
417  284
1194  1939
462  121
1765  359
93  887
1174  1941
406  1264
1586  575
1245  1805
1183  472
1424  1436
259  1477
1263  910
677  204
1203  719
1570  1291
1805  961
1073  327
9  279
1956  1849
175  1787
172  1799
1479  1366
655  1956
1561  1607
1061  1287
1439  445
1036  958
903  203
862  419
393  147
1177  360
1394  1505
61  1575
797  1208
1860  708
1327  1460
328  1259
1905  1290
1085  1651
902  1244
479  687
368  1282
86  1317
1070  241
1569  1796
186  638
752  1861
819  17
1713  1963
249  526
603  1029
1954  1323
946  1406
1321  1667
1583  582
35  1951
724  1765
460  984
1002  239
1657  548
1109  468
1179  902
215  1417
892  1604
658  963
246  617
1921  1219
1263  944
1159  1184
1779  794
1393  1489
1276  767
1738  809
303  342
295  578
190  1379
1710  416
1012  1153
1836  1206
949  1824
1401  380
1994  1746
1288  125
855  747
951  1077
577  1636
1125  1102
293  257
942  271
370  1102
1551  1479
1422  827
35  1407
939  578
365  1865
1071  189
1267  1047
1360  1966
480  404
1824  1870
314  164
191  350
780  947
1589  14
878  517
721  1217
289  400
1985  1565
121  121
1677  1770
1836  624
284  1395
1311  87
150  934
583  1747
1304  282
308  488
716  534
1798  1255
1446  1872
1212  1448
1115  1069
942  807
774  1706
188  1218
1535  1081
191  1535
792  468
310  1457
1487  659
1620  215
1214  1728
46  854
304  1309
1115  372
1667  788
701  1393
674  792
227  266
558  1445
1349  551
801  1202
353  623
270  1082
457  444
398  1694
95  648
842  271
864  1508
1349  1364
521  1631
406  54
1511  998
990  762
1615  1538
690  456
876  1000
1151  1594
826  1391
392  816
913  1507
95  1308
1376  1743
1850  1702
729  496
1154  1860
1133  431
948  151
688  391
210  895
1016  1053
633  1599
1550  1476
1620  1165
1882  1490
1105  733
1104  303
741  97
1933  1681
1325  1029
1375  180
164  541
167  1757
1151  1124
1069  1136
461  261
386  567
1389  1992
28  1602
1500  998
1479  529
912  1025
35  390
443  715
1878  1702
734  422
1535  1959
1827  569
868  1507
33  1240
1903  578
1734  269
271  742
1329  225
1351  182
1720  930
749  997
1630  1669
1711  918
1492  1771
1475  1677
1997  67
1360  328
1033  900
1969  510
222  1715
327  289
232  1500
1263  326
357  1628
16  862
1719  1064
1894  338
79  1389
1314  1428
1909  373
521  1746
1060  1203
1788  1556
1320  929
1736  1696
1289  414
1889  511
261  1137
592  227
1751  760
1756  1076
46  978
1901  924
958  847
1716  1300
994  1981
184  840
564  170
1591  1311
1343  259
1403  748
637  1717
1303  1846
464  1812
973  844
1646  1319
1961  728
1488  1751
138  1253
600  23
1936  300
733  1402
958  1267
1022  299
432  1663
547  526
779  850
822  1091
598  1324
964  1119
583  888
87  457
1630  1554
294  4
893  715
1082  1944
30  102
1238  368
779  1795
198  950
41  756
1792  710
1307  28
1333  68
1416  724
1425  1972
234  1329
1877  1351
853  31
1845  1501
708  1504
390  1547
286  285
1874  462
295  1746
954  1892
566  586
1332  1883
991  289
727  67
1044  878
858  581
779  779
1738  1912
312  877
454  1911
1604  991
349  1163
608  1543
303  895
1338  1919
888  183
245  920
1804  75
179  1629
128  1958
1329  1109
588  638
1692  1544
1250  908
1427  1757
1723  1103
91  1487
1500  1834
235  741
182  641
975  937
789  475
1547  1161
870  829
202  1750
116  530
44  309
498  783
577  997
1045  499
91  1595
529  434
202  1981
1861  142
655  204
814  602
386  115
1762  1376
203  1969
253  1405
993  436
924  1800
1123  1386
1851  1611
419  826
1532  1738
1986  527
1469  860
2  1951
685  1143
886  487
985  729
1368  435
1448  1314
484  406
1675  630
1991  533
777  25
415  50
1716  1012
1496  307
1860  755
661  95
231  757
1997  124
594  1234
888  1788
1130  923
346  926
1073  1631
364  1455
1226  1098
278  1154
1841  1517
682  1258
1209  500
1761  1939
1464  1063
763  1719
1882  1536
1537  1769
1551  1420
157  1422
1011  654
4  1798
55  1276
1253  1877
873  123
782  1192
1747  742
299  825
1321  1644
494  1277
128  1019
328  929
174  293
934  1961
571  1558
211  1555
1310  965
1717  657
54  526
1902  852
1052  1121
29  821
15  1022
1853  716
769  832
1227  586
1783  1802
18  1429
301  55
1588  387
737  1528
1723  1636
1186  199
1889  1750
843  1024
1531  462
371  925
185  607
1528  1484
1643  1592
1313  714
698  1861
641  1756
1779  1898
1148  874
1020  1121
612  1260
1539  195
1060  220
1434  1498
1074  1665
1094  1843
1062  797
697  1883
949  1632
140  1395
963  1685
823  1757
1926  212
771  1432
680  63
1971  67
1830  1469
1395  1505
463  597
409  1612
1595  1057
904  1822
1225  1184
1679  1412
1689  257
1996  1131
1802  680
774  637
9  202
1588  1381
1637  475
88  1357
621  831
463  93
1397  691
71  1043
1527  457
152  389
675  166
79  1618
1770  82
0  1733
1497  1068
1784  387
1333  1111
113  486
1043  67
1276  533
264  1194
78  1138
1140  1217
253  1264
136  1761
163  1565
361  453
152  5
1659  1467
676  457
1727  1735
789  66
1076  277
1444  1595
1059  791
678  1563
1212  1900
386  355
1702  229
912  536
511  1303
512  1149
1307  628
1129  1824
1143  25
200  1931
1264  1397
877  778
58  1530
406  1023
1097  308
561  168
421  1387
1019  306
892  1458
505  680
1065  699
1915  1266
880  871
1131  1870
545  321
1507  1778
166  1658
620  69
1124  459
710  1225
387  1279
852  645
242  789
1924  1669
47  711
98  1329
744  1404
388  1566
797  883
1201  1796
996  116
1341  1756
123  1509
424  251
1065  1506
670  66
1266  548
516  93
632  141
1156  744
1254  1916
501  732
1141  1123
142  1339
1273  1245
1376  1144
1924  693
788  62
1275  1729
114  1535
1925  1362
1948  1683
866  1070
1489  1207
1406  75
1913  314
182  172
1042  1409
1100  567
1295  786
1318  762
1360  161
1387  1896
1929  324
1025  1336
736  1351
1801  763
1803  1302
1283  470
888  1483
1726  154
1862  668
786  1967
1227  1767
430  1195
1076  623
1281  1844
1093  1234
1415  1344
434  287
896  1222
1653  885
970  1301
1519  844
177  1766
1937  652
1504  672
1265  137
407  697
575  335
1549  1248
651  1452
569  395
537  1066
1661  704
1355  218
615  1235
956  1667
512  564
1851  1814
4  1719
1647  100
1583  1675
1726  1417
720  729
564  333
1560  1743
51  710
401  22
1629  1089
750  1832
1099  1426
961  763
1383  1654
870  105
367  785
1830  251
1881  967
986  1304
1157  1472
230  1675
510  302
286  1753
1734  1674
1503  247
70  1534
401  372
1774  1718
1328  1
1615  1020
146  150
872  1193
327  1171
1880  852
1019  498
1417  630
1686  511
455  389
1345  14
1861  318
1369  963
1466  1230
653  1170
1068  66
786  269
728  1503
678  907
1465  1439
245  202
1739  1943
1225  643
1656  1800
974  1009
1295  2000
476  731
1003  966
747  204
808  1106
846  629
1780  688
964  316
37  1241
1341  1300
18  304
1878  483
122  811
59  152
1240  1951
1897  1524
1886  844
1251  1919
1989  529
639  1841
1610  1214
60  801
1406  1322
998  792
712  941
1148  792
1904  74
1130  216
761  1995
592  935
997  992
1578  816
304  744
405  1442
1172  988
994  1367
135  561
1375  314
1302  914
857  294
1654  1225
40  164
512  801
112  1474
1108  1804
364  358
1918  1392
1909  1235
1906  371
1783  45
1886  1758
206  1316
1110  1111
1501  119
146  773
1802  861
575  1382
35  1599
1143  801
787  498
1303  423
116  1242
542  1998
1280  1050
677  1671
252  786
644  408
93  24
1037  1813
1338  1374
709  142
1163  832
747  932
740  1550
1667  1331
1992  666
59  883
387  114
133  150
1452  1768
773  1398
199  1076
1417  1212
1423  1903
308  728
1702  518
1934  479
827  1986
196  326
685  1496
1453  1407
84  968
1473  1223
1512  1399
1262  554
1434  1021
1886  892
571  406
541  1184
1808  331
965  1931
1722  1019
24  1800
183  1644
547  118
5  924
1247  1135
401  70
1591  793
1507  1111
88  1751
501  1281
757  1583
1544  1290
1897  368
87  769
1479  163
153  999
1354  888
1030  995
1060  17
670  1773
1139  1441
333  1270
1499  155
178  344
463  1780
113  1816
923  299
954  327
1238  1512
600  340
84  103
1812  1565
1007  274
1138  326
826  1547
459  857
769  694
147  1212
1177  1246
1967  1983
34  174
291  862
1264  530
1354  1944
1002  1957
1830  546
1512  902
847  1841
591  1863
1500  1943
1995  1470
1927  1537
370  1845
1050  1569
488  1042
643  247
1307  1318
1429  1217
1239  1243
1317  316
628  1520
232  1005
855  1867
1251  679
1647  1783
496  672
1025  66
1128  543
371  211
530  307
1997  1863
1496  1914
1428  397
950  169
651  1796
736  34
1033  1315
145  825
1891  749
1999  1900
1792  737
1857  135
241  1127
1596  1659
191  3
1716  1953
1045  1903
499  53
1692  885
1460  477
52  1769
189  707
577  511
1262  1287
1265  1269
778  231
1835  564
1933  782
928  978
518  527
443  1965
1898  1507
1443  895
557  820
499  1173
1416  903
700  1383
180  1421
1231  64
1428  729
9  800
1190  1754
1500  1865
1326  843
752  986
144  680
1393  1224
1836  642
1979  1180
942  329
20  1882
1121  870
678  1946
1518  87
1526  642
462  2000
1694  420
333  1762
1350  1016
1382  500
659  1277
1393  1449
310  1408
873  236
1244  1839
774  1494
1721  288
653  714
1636  43
1602  69
684  224
851  382
213  1020
755  500
563  1172
1467  1317
1473  882
1866  292
1114  259
165  1120
1145  1232
1756  765
1002  1669
245  1445
1855  137
1710  1003
1319  738
247  220
666  1049
793  675
1371  693
917  1408
672  186
1077  990
564  408
592  1393
709  1540
1601  240
1495  351
861  769
417  739
1810  1356
425  1277
476  1425
1472  1696
131  1594
1234  1658
283  1333
395  681
427  1594
880  980
433  1786
755  591
1463  852
154  1064
304  666
1759  491
394  1147
191  186
394  608
283  1625
1441  687
603  143
1493  769
685  1373
1506  339
379  1163
1367  287
1700  1098
1020  1014
966  805
1805  318
86  965
1706  1329
1026  1335
452  594
61  1398
1028  234
1838  599
723  190
251  1085
526  1589
40  1392
1488  1082
414  1243
1566  1197
1824  585
1808  1851
884  1658
88  1617
322  666
955  325
1863  740
1882  523
1127  1461
93  1322
23  439
1287  1790
1303  226
34  1915
616  1291
480  408
258  453
965  1676
1322  328
1689  1710
1620  79
1867  525
1458  1270
1626  1296
1528  1519
1074  765
925  1555
563  1433
627  1530
15  80
941  236
299  1446
1871  518
531  1560
1471  620
317  832
1141  1152
505  725
1168  1555
1487  619
1793  1024
1176  1634
1178  1655
546  1300
1950  970
906  1265
744  1552
900  1100
1506  310
1486  163
84  1161
536  147
299  1381
330  142
1319  952
241  1247
1730  714
98  297
468  1915
466  891
1087  870
397  1242
1274  643
94  51
140  165
1009  181
1404  930
93  1678
854  321
302  1430
560  179
186  264
476  300
1934  676
1044  738
1512  1923
315  1774
414  120
1145  1605
1640  637
1816  999
597  1808
1681  978
1585  891
1678  1711
80  1583
16  1410
1242  1001
237  619
284  599
550  1894
1692  1765
1454  1263
1956  1720
740  1682
770  1253
178  1547
1706  231
1150  695
191  803
884  372
251  1559
1789  915
952  343
974  1446
1023  16
1774  651
1448  1690
260  947
1672  1150
175  1308
271  161
1529  127
1850  690
780  1850
1683  501
1126  1162
1262  709
1115  704
1665  507
1909  542
616  1708
1009  1869
812  541
1871  644
1163  800
1926  416
405  518
1814  534
1735  1910
1735  432
821  700
1782  1012
132  346
472  231
943  1401
1218  1229
1324  1928
1931  999
1435  1651
831  129
398  1855
326  29
596  1244
1957  687
727  637
735  1921
1381  917
43  99
36  589
197  68
540  293
288  1722
600  1287
1833  1339
434  141
794  284
1087  1817
1950  135
563  1071
1238  470
1621  1975
901  215
202  1676
1701  200
2000  1826
1189  325
186  376
246  1594
1440  962
513  430
826  1388
1636  381
1680  270
641  133
1130  210
875  69
1966  1295
1472  461
1465  878
1768  134
176  449
1496  423
86  1395
652  698
820  1454
1401  669
804  987
113  408
628  210
623  1806
1516  1927
552  1823
645  232
289  772
1403  867
65  277
162  1222
641  1129
287  1785
1203  1137
1320  1991
109  1561
1150  195
998  58
731  1333
1600  1045
421  1143
1341  794
1306  304
1074  613
1501  1742
1026  96
974  4
331  1125
140  84
1925  1493
520  549
153  1457
845  514
1610  612
860  238
84  187
174  14
1098  1807
1648  1102
599  515
1880  1637
1631  1561
1873  451
157  1466
1028  1353
96  704
250  1742
255  261
511  702
1446  946
185  569
1216  1758
1458  1653
97  31
1926  990
1877  1117
1408  1550
1640  605
669  1964
785  416
118  504
230  1358
1424  173
1391  280
935  1977
1424  1462
1225  1376
256  720
609  893
1513  1799
425  375
359  940
1680  979
1642  746
678  910
1901  1279
379  793
1234  1332
924  1186
1952  636
1745  1748
239  839
1841  1154
346  905
1618  363
1449  111
905  1619
957  492
1695  1405
1542  1632
885  384
106  1187
1113  28
264  1247
1850  794
946  1935
1880  1966
765  1029
1156  1763
548  1691
222  98
1741  1730
633  132
542  752
1897  26
1371  1516
849  1246
698  250
584  1237
1940  97
950  1737
648  682
815  1668
228  253
1902  753
1775  346
177  426
1525  99
920  965
635  598
1553  699
783  1007
1280  542
807  911
418  1078
1865  1090
512  1777
806  1837
605  1330
854  175
162  1596
660  1992
359  1516
1577  1748
726  1591
583  1564
1386  1520
1416  1013
231  720
250  695
155  1460
803  1807
1578  471
728  190
821  267
546  611
587  1906
1625  265
744  1883
615  974
1467  771
687  939
1289  648
1169  1308
320  222
32  89
576  1264
1740  630
1285  1265
1361  448
635  544
1034  1599
842  1570
1141  913
935  1515
769  1793
32  1529
774  748
7  495
1746  945
1187  913
1660  223
1  774
556  466
1120  1887
998  242
1117  1212
1409  315
46  132
1211  1683
1882  1713
722  640
1260  933
617  295
633  1330
1693  1586
313  974
523  394
1273  1133
565  562
1489  1830
1784  72
455  344
230  1911
120  655
1630  756
1865  1774
1986  340
1212  714
1576  1787
608  1882
1109  1130
1181  193
1927  554
1398  1474
1185  858
1302  432
1194  659
90  234
1675  689
440  1064
418  39
454  57
608  1768
516  810
564  967
1361  1337
193  1540
1704  1574
386  705
666  1256
425  1253
572  76
1676  208
1384  1149
1587  758
967  1440
15  1420
1744  1869
1815  1480
1575  1386
1444  1640
1087  6
1117  1960
541  565
1573  996
819  738
238  1812
1655  1919
540  1261
1235  213
1374  1917
1132  1041
1048  1509
1870  951
1563  1536
1007  339
370  1729
1327  1857
854  410
886  221
1370  1985
714  784
842  1312
736  104
668  1211
1994  1578
1297  938
1099  1092
842  445
1824  44
1079  1911
348  37
1431  888
1722  479
1538  1859
835  1203
1053  106
332  1749
132  329
1688  1912
1610  1142
1201  1419
1082  1611
1718  1736
1908  529
727  118
720  811
1939  1122
793  1644
692  1011
1291  1789
1419  64
624  1149
141  648
520  244
129  907
109  950
14  1977
1991  1764
1215  1940
375  370
1976  1300
923  1425
376  436
1323  881
1978  1473
1139  449
1653  1132
496  154
1053  1013
1386  1568
1603  664
1336  1287
847  484
448  1684
804  1643
570  946
1488  1414
207  829
794  722
1145  770
610  1586
270  1765
162  361
319  743
1977  939
1727  1722
1291  1298
67  1399
188  1383
595  236
1171  630
171  1133
796  846
1851  1670
1997  1178
1657  663
808  322
491  689
1929  565
727  1386
135  1958
1876  1919
1900  1822
1443  1199
1269  1654
1225  970
1034  840
1743  1404
865  950
1931  86
385  868
9  193
1077  314
394  616
703  1762
1852  1357
1793  431
742  1134
371  1779
1083  432
407  22
489  1458
1581  607
1205  391
1775  909
1997  1021
1161  578
296  642
147  1243
1558  951
150  45
1196  1753
358  1274
1323  893
582  1432
1084  1605
1229  1955
1238  384
413  1931
1355  229
1452  632
1380  30
1163  367
213  1796
1140  1300
52  1447
937  269
1512  1431
305  1911
1279  893
24  1027
1859  1484
978  340
1445  1178
879  1544
1605  1446
544  1165
715  280
47  1806
1263  1904
1407  1234
1401  1330
1406  1217
1400  443
764  1282
1246  1727
7  506
856  424
1071  1618
1564  220
1113  1785
1739  652
765  331
136  659
135  1104
178  426
458  1875
986  1005
1286  562
1422  866
606  1284
1959  1415
820  198
993  77
1467  1692
1383  662
1608  1352
1133  813
1275  80
1253  1155
1549  1848
652  1494
1476  1977
1307  86
531  563
1266  1105
1760  86
98  889
272  931
1137  1981
1854  50
478  370
34  1710
1802  14
1341  410
103  1292
1824  983
60  1032
1558  949
1317  42
873  105
549  1408
926  1832
1176  1304
644  135
1652  797
1374  991
1881  1142
1210  224
365  528
485  1445
595  54
472  796
1330  861
1911  972
290  1706
1086  1530
1348  1842
960  1209
361  972
471  1753
1260  452
1797  1981
969  694
837  695
1486  437
227  617
1308  1798
476  20
832  743
1009  1284
151  1790
800  1378
211  1279
223  315
1843  777
436  1633
472  1692
1276  1817
1472  535
784  1225
1354  262
597  1115
1731  1378
249  1881
77  505
984  466
456  785
41  1827
871  1084
602  232
1021  232
905  1352
589  188
1748  656
911  1973
1240  181
300  365
777  468
103  906
1047  1526
1862  311
1571  966
807  792
1859  1466
366  824
566  1227
1135  482
1498  1134
461  1864
1513  1048
629  865
510  1681
1089  98
367  833
942  663
1263  735
392  910
624  565
523  999
266  1744
954  502
670  1182
189  151
1738  795
531  550
635  1794
1340  248
472  596
1189  1192
472  834
990  1830
1275  1861
778  1425
1256  723
35  1703
1903  552
80  1665
669  793
827  1983
461  1188
1207  964
562  774
1109  1284
698  844
1448  1623
496  749
661  418
1555  371
1007  818
1013  1054
504  1246
1773  1881
281  1290
1908  325
1848  728
794  919
505  731
1835  292
1348  881
1609  1440
1201  1494
155  1243
1070  1382
1100  1645
1884  1702
1156  604
159  800
1420  1479
1876  265
854  620
833  78
211  234
1844  412
290  1643
889  1924
679  814
617  1710
878  124
1243  386
1251  1790
1665  67
127  476
875  593
1272  1115
1578  332
1613  640
799  1914
1210  1495
828  1475
1896  334
1701  849
680  1146
1260  613
642  427
1389  903
1828  970
1529  1743
1660  415
1046  1302
1118  1706
1373  1042
1937  1307
1541  1651
567  976
959  222
232  933
173  1124
451  1577
783  325
858  1286
820  1919
368  1778
74  1275
622  203
1538  1886
661  1100
973  249
60  114
670  195
1141  68
1600  82
1684  736
1015  1745
1840  459
1068  514
1919  16
491  1368
1725  1411
481  1306
493  374
153  303
1231  737
867  1200
1909  1162
611  1914
1892  677
1150  1674
1793  1354
1490  1898
368  118
1924  1102
20  198
1533  1961
897  1917
14  234
763  1724
1789  291
1649  798
57  681
555  880
893  183
324  1
46  1938
1870  1828
1573  57
85  16
1428  1646
1894  1145
1820  67
1868  1457
591  549
625  1741
1316  1184
821  1109
1381  247
954  855
1820  646
446  754
287  1968
628  282
784  122
1986  1350
1867  1421
846  1394
1233  1611
389  639
1870  997
1849  950
1310  578
1567  792
529  1733
1640  1727
319  1481
1681  1000
736  847
265  667
511  479
688  1189
729  860
1180  1409
767  466
1314  1779
248  1548
1479  751
569  89
1111  1154
1234  354
1214  1736
1958  1724
1512  63
1177  539
1743  803
28  821
1099  1913
735  674
1972  144
1998  412
169  598
111  1556
1195  1178
617  253
1419  65
160  514
1592  1293
1916  879
440  1776
1318  789
486  914
1500  1764
1335  424
1344  1665
737  882
1767  1242
1630  1538
1360  10
1157  907
1913  1416
799  1705
889  1650
1835  716
11  568
25  356
601  268
1395  926
1603  234
1113  1403
870  389
352  171
1642  14
371  1446
175  1169
274  270
1548  1948
837  990
1233  1315
1717  1554
1662  1524
639  1970
406  667
818  1587
1096  681
1630  1832
898  540
1261  1247
296  1197
59  406
1324  829
889  109
476  891
267  1236
255  658
717  1082
1370  1027
1200  855
1656  1287
1317  1102
1620  985
971  48
347  1003
1578  982
466  1720
1212  698
865  53
740  1630
746  894
474  1642
1420  1371
455  1997
704  773
1665  517
790  1199
1222  335
1722  1876
1487  1094
113  1639
1672  1381
410  608
1997  1513
1026  354
715  1154
1405  311
1494  733
1167  1241
1872  1856
782  498
750  855
1930  1591
1411  977
897  560
1936  1902
61  1801
563  124
1153  598
1810  964
1857  1901
1531  1147
1737  1188
1461  436
240  919
12  867
649  1257
1036  142
108  422
754  818
1752  1384
370  1563
1988  806
73  254
124  1585
1908  1984
706  1822
716  772
688  497
1713  1602
1646  1337
1127  1669
1310  233
1250  216
360  14
176  44
593  793
1708  1462
417  830
387  385
683  1492
28  1155
528  1398
337  1075
1675  1270
1477  166
782  825
72  542
1044  1014
718  1899
1637  941
1981  935
947  1253
620  977
1939  183
1077  1939
52  794
465  96
1187  1861
1976  651
1440  967
1046  770
531  1132
2000  1299
528  1152
66  146
1521  569
383  1958
938  505
1885  1820
1005  928
1446  1481
846  645
1646  817
1322  602
359  1367
753  442
690  919
845  529
1046  291
799  736
1155  1336
767  128
1685  1318
1290  218
1345  789
4  1669
970  694
1320  1949
1395  1709
1997  1094
122  1916
220  424
153  1800
1699  809
1817  765
428  1825
1424  628
502  1842
1345  1398
1741  1593
808  87
829  1224
374  115
33  603
1935  882
818  1681
686  1171
780  1318
1916  84
616  992
1107  37
763  356
1998  774
670  1313
1051  447
1329  921
1227  1174
1117  1992
1234  756
1140  1046
1459  1915
1372  1206
615  1097
1096  1902
560  952
1714  1014
907  1755
1427  49
1672  1880
1632  1177
1929  1053
689  1814
859  438
475  622
1172  1466
1631  1592
918  1427
427  469
1347  1270
1187  734
1326  1595
359  196
604  457
1428  352
1995  907
254  481
21  384
1204  1960
1624  741
1758  1933
445  179
441  665
1343  150
94  175
1643  784
1277  85
681  216
1944  897
1011  436
1923  319
1047  1366
849  1243
818  1692
1751  1915
125  809
396  822
1318  667
218  594
574  764
885  1715
1484  1038
1847  540
775  1333
1490  1863
969  948
408  1519
967  878
1065  1415
1861  917
1866  1246
900  1161
864  1087
1602  349
1055  1330
0  322
637  1343
714  494
1148  1513
1396  1912
1477  1306
167  1133
603  1630
220  1719
1275  1464
959  492
438  845
1868  1638
1506  1056
1311  1453
1251  1028
1016  237
471  1612
1444  1252
1260  1929
345  1855
228  1215
1798  474
53  612
414  1410
381  698
329  1309
1629  936
1722  391
1306  45
166  1009
214  478
752  34
1013  1482
646  1685
1981  78
1807  1412
820  1080
672  106
1637  1466
1623  591
770  1789
1940  1023
415  305
862  961
916  1375
369  1780
133  1119
603  1996
4  394
160  1230
1797  844
209  511
1079  1693
1606  445
82  1292
1974  1524
1220  1858
1378  472
395  1309
1813  1144
819  766
1976  1494
1888  1103
1935  487
1174  604
686  1643
637  29
1334  239
40  837
765  1266
446  1079
119  1692
394  138
1805  624
1551  1120
1904  936
1881  117
1574  860
354  1206
981  1399
453  637
656  1162
1614  539
753  69
1041  1939
1106  1208
1063  167
65  556
986  646
475  304
239  1288
377  1403
1539  1154
595  216
1552  77
1050  74
1711  708
1573  1488
1587  268
779  1125
532  706
1692  776
1168  374
1198  19
895  637
1335  80
1799  1318
113  257
99  1603
1850  1267
494  404
1811  47
1382  109
846  903
1  1053
871  1546
899  1740
1  329
506  629
1885  612
488  860
481  352
471  770
790  79
1111  1192
927  399
1665  614
846  595
1766  1872
1867  1188
325  1766
1965  731
833  886
836  681
1115  1634
1301  1293
1449  1018
1166  1723
1007  1053
1007  317
644  327
1855  1700
780  173
1193  1050
1594  127
1484  1680
1157  1811
1667  784
1362  670
1663  733
1734  996
125  1306
1808  56
1156  865
1515  1119
1227  590
1755  1943
118  1288
811  701
1412  1535
170  1159
458  1322
1138  526
1994  1098
348  648
234  1060
50  1542
1750  1050
1320  1882
1028  1680
631  1124
1981  684
46  740
762  189
475  162
482  1875
1890  1204
569  991
931  1615
931  1285
1197  1084
1899  580
537  1315
601  275
153  195
1661  1629
448  1342
109  494
1608  634
1440  1605
450  1468
87  1104
1595  1308
348  1906
496  572
741  1539
1796  1113
978  1832
87  1393
928  429
922  835
1867  1537
176  1510
944  1255
743  670
1093  1781
169  398
1481  1493
662  1551
1395  1606
1303  1197
241  899
1567  1052
1153  1471
718  823
282  1952
892  1918
1775  503
1126  766
1986  309
1236  695
1554  402
1831  1038
1150  1081
1303  1189
1485  640
754  1240
41  1583
1235  1204
932  1380
8  635
1450  1485
1293  119
245  1363
402  1877
156  1949
1876  1848
901  1434
1493  1984
822  413
858  1361
249  33
471  228
1273  1471
1818  671
150  194
256  904
414  285
665  1050
328  1419
1116  385
37  1390
589  1706
537  1265
376  1966
651  412
1547  421
1959  1764
1843  1558
832  1611
1367  929
680  352
1917  1327
1714  1097
1964  924
683  298
1405  754
824  1542
1137  1278
33  1858
1783  1768
1990  450
1187  732
763  1655
363  879
1961  1134
1869  406
515  700
1134  678
1055  1239
1414  1678
1863  684
1672  23
870  1403
1516  712
1098  207
868  1850
1220  974
979  1270
524  1360
707  1164
31  1508
313  201
334  1245
330  85
46  580
1097  569
555  1539
1199  1966
346  35
891  741
678  1689
1469  4
552  415
1367  1887
1810  1512
1622  764
306  389
1783  99
806  407
1855  1732
240  865
106  993
568  1668
1105  1099
1256  1039
1942  1910
1645  1455
477  87
1290  1575
633  1940
684  525
1249  751
1230  395
949  1093
1770  830
1413  1424
94  144
1487  287
728  171
1815  1358
841  1833
1427  1194
681  1680
1256  981
1221  227
1964  690
751  952
1831  1449
94  225
1634  1666
1365  43
1346  480
1172  1664
1340  107
101  1133
550  1079
758  14
566  1601
630  1510
618  410
1375  59
1236  1124
1476  84
1904  827
594  649
92  526
471  153
1783  1428
130  928
1562  1789
851  1883
156  1818
1464  695
298  794
595  337
1144  1754
427  1041
884  350
179  1993
1469  1790
1819  834
1347  516
511  1427
502  1990
1775  1290
297  1051
387  808
1147  1040
1076  476
1180  1526
466  1671
746  1218
1553  1629
1628  907
1008  1567
455  289
1208  812
135  549
797  930
416  560
1938  532
587  1785
1742  13
216  40
244  1638
521  1952
65  1600
1129  1961
322  779
556  365
1527  1663
89  1923
930  5
804  1566
168  1084
1758  255
1941  1117
281  524
1304  210
915  1604
867  1250
1684  1317
1928  496
883  736
910  64
1856  1086
1673  1209
11  1347
160  643
1787  1231
101  1706
64  1059
1320  1585
365  142
498  1191
1813  110
644  1035
1441  1068
711  1999
365  562
1513  756
30  61
482  1017
1499  1039
1511  1078
1324  1512
852  1236
565  1508
487  1007
1250  1308
681  615
1889  1992
220  1196
1109  1386
1784  1010
962  465
995  966
1226  225
1867  367
1849  826
1146  1975
947  1119
1673  762
945  1933
1605  1868
241  1551
1094  330
35  943
1179  1292
726  855
424  1331
721  677
791  1710
1050  1069
393  1978
536  886
1999  1657
723  31
928  495
134  1412
325  894
445  1971
1641  1739
105  118
1624  1648
400  1466
64  682
1267  155
1975  1831
1172  1321
1175  1353
632  260
1356  1704
1195  1937
346  744
265  1154
1510  1774
1865  110
633  708
689  43
1341  472
343  1422
1150  1198
560  1594
694  1963
1606  1170
1403  1890
155  664
1181  875
828  983
1814  1653
103  965
1063  516
1938  1305
1515  170
1724  1757
1121  1980
564  1278
364  785
1194  540
1003  546
710  1681
1010  1741
1287  1475
541  717
562  130
727  461
803  1913
1348  1274
677  431
279  908
1847  1800
1072  1842
788  1627
1936  1080
1700  1523
958  363
700  943
1428  400
1274  65
1117  1512
1317  804
1226  1323
705  225
1549  910
328  1760
242  753
1065  791
695  62
1080  1381
76  956
968  107
327  1114
1515  1369
270  1577
1888  531
709  772
1700  1357
1036  1547
1784  1814
93  182
1725  1237
1280  1052
500  1590
897  1457
1739  430
1544  1189
416  161
371  1070
1083  1309
1282  1557
126  1806
1417  1450
936  832
545  429
1380  1831
1154  790
751  1111
600  1414
64  1694
1036  1414
1864  295
1832  641
866  816
1560  1217
13  121
1979  43
83  861
401  753
1810  1889
1368  1810
827  686
1990  1126
1098  945
325  1718
1201  1130
896  1913
1594  81
879  1995
1065  1511
1975  1180
1601  1875
1730  1089
995  67
1699  1998
1698  1492
796  1555
1853  714
1094  768
183  82
257  1508
1881  858
772  1763
50  1877
652  1236
1802  912
1505  1011
1957  119
1155  1656
973  337
1319  736
448  1392
1646  437
664  140
1527  1022
1865  695
1620  1810
52  842
1172  1330
1885  327
1897  1779
235  1933
708  1178
501  700
1373  214
1349  190
1062  1516
471  1622
1523  64
1100  1726
1478  25
346  1320
1645  1677
844  498
455  1896
769  2000
147  1616
1145  1379
1581  1091
1539  15
1081  696
1347  1210
775  907
899  814
477  1134
191  1208
1129  1470
1565  285
1073  616
1266  1747
409  868
1496  1460
1295  1704
231  341
1472  176
478  1116
71  1557
913  1252
326  1258
333  1843
118  211
1649  1871
1049  1406
351  1395
612  612
1346  1592
1483  935
243  1317
1813  684
209  1741
1361  1503
359  813
453  690
302  1952
1957  1963
470  1953
196  1781
905  13
939  1997
1079  1389
1345  1472
295  964
1699  1612
913  93
1697  854
1542  947
768  822
1954  995
133  371
603  333
591  1454
1237  130
1047  1199
429  826
1518  1498
1073  1115
1943  1221
480  1641
1472  1239
973  218
240  714
1218  515
181  597
268  594
977  288
1627  1752
818  1033
649  574
112  710
1460  1427
680  181
1717  953
763  1665
1599  241
1224  205
671  255
613  520
1020  1926
796  1526
768  1657
78  1969
1066  36
550  494
717  575
1859  1943
271  1053
889  1929
1423  1713
495  1113
103  930
448  1543
501  2000
988  1385
1512  728
1714  1521
403  1349
181  1404
481  1950
1054  902
681  872
1165  2000
974  1891
293  108
743  1850
354  902
1170  127
526  19
1542  1437
1231  978
690  711
1615  1424
207  503
987  414
1999  1366
1290  285
1986  1929
1417  872
407  207
127  191
1241  2
265  1055
549  1053
1677  1300
1563  941
905  514
1133  158
725  57
1136  1516
1584  1241
812  68
1877  988
925  1985
1752  916
1629  128
1794  1215
1265  891
1765  476
52  1277
712  1898
1480  1205
1697  513
1694  1911
625  1239
1866  421
1956  1327
742  579
726  283
171  892
804  59
1793  989
469  398
614  987
1064  1915
1137  666
1068  1793
478  1903
1035  1244
827  1858
377  653
80  227
1362  127
1087  864
664  931
466  479
975  1540
180  1285
1535  1233
1270  887
86  655
1208  1762
23  1885
1481  1767
1950  597
1876  319
1028  1132
1877  1249
1041  981
502  642
1349  689
551  219
1818  509
118  1660
1483  1045
986  1352
216  87
104  1620
83  205
458  1650
1411  1758
513  1596
1675  1525
1095  1227
915  1722
1868  1690
861  1947
729  243
194  1525
1115  1964
1946  969
276  1030
939  995
810  1279
1363  1620
1101  1606
1842  55
1841  1771
1731  1816
1034  1401
1295  1479
1465  31
293  439
1001  663
60  1389
1586  595
929  986
1274  793
1304  1624
1456  314
1528  1898
1973  1710
1414  780
1933  615
288  860
1206  1839
1494  1762
79  1472
352  1927
1676  678
1671  1124
1432  1784
647  832
698  79
1159  317
1525  87
854  1566
622  1426
196  44
1010  1445
337  817
819  78
551  141
378  1524
1290  194
414  1857
692  1788
620  223
277  1941
896  1353
1791  552
1180  360
1356  276
622  1617
1570  1309
1871  248
1954  1242
449  637
786  6
1986  280
1078  1059
1882  1886
1006  1941
1128  1948
190  555
1634  1358
1586  315
653  1888
231  950
356  1329
205  1742
937  404
1726  1791
1499  1898
1497  1960
715  144
1003  1014
1455  1320
1360  1302
1069  1485
1919  440
955  1244
181  728
1265  703
1354  147
20  847
1317  1879
577  393
1369  1667
1975  49
1505  1076
618  783
1009  300
1895  609
942  1320
225  1092
1190  638
1995  1423
91  1422
1037  1659
1294  540
865  204
955  1896
911  406
230  1866
695  334
1232  232
190  1088
330  1065
1839  1323
1469  1436
336  1125
1210  637
1951  1825
517  1200
1957  1671
1666  452
1027  748
1318  1907
1756  847
280  882
237  902
1063  497
275  1114
1881  1144
375  1620
1275  1899
744  45
1112  1804
1675  931
454  413
1117  702
1577  442
751  1688
771  265
1811  1147
1628  254
806  675
503  1261
629  246
1918  434
1269  1859
1220  1354
584  860
1687  1995
946  553
1396  1625
1772  424
361  1364
359  100
142  1708
235  1818
821  17
323  544
1144  517
1858  955
1423  319
1432  1088
1641  1191
138  95
1100  480
1635  805
1784  1843
191  293
982  974
1035  1031
275  250
180  1027
1091  14
225  182
868  725
77  277
1896  1933
241  1447
1586  869
110  1536
370  951
436  669
733  1744
1642  320
1777  1511
1320  975
1910  1615
1205  897
694  125
1747  71
1419  973
1720  1479
766  38
1754  1901
1441  1657
1056  917
1901  540
1455  343
1597  916
827  915
14  1582
1519  1094
262  342
470  482
1805  709
1595  1423
776  1057
848  628
498  1287
534  1345
181  601
1225  1407
427  1460
1882  1166
651  258
1039  356
1692  1211
1320  1117
1073  603
729  690
1692  985
65  923
719  223
36  1214
931  482
1945  64
315  1800
368  1941
1707  1216
850  738
699  235
814  199
1609  772
1062  1861
1293  1269
1153  741
156  1095
1053  1733
1084  1659
456  620
1489  115
986  714
1453  1864
169  669
1903  838
1531  71
1711  1478
493  1839
12  1942
1403  1916
747  781
794  1936
1139  1237
1026  1803
899  497
941  1377
1451  1198
1122  671
1861  873
51  1917
363  1955
1524  777
1384  192
1101  853
1303  348
927  921
1236  676
732  802
1359  628
1630  516
1126  1097
1517  967
681  127
1677  134
1620  16
1106  782
393  788
793  1608
1498  116
440  336
878  157
423  426
211  393
1009  401
401  1959
1268  935
1713  1039
584  1138
1308  1030
1393  1443
1031  685
276  1755
318  525
905  529
827  1224
1646  182
1347  128
1182  1508
1617  1516
1921  408
665  1855
1211  1757
1544  1955
689  1410
1251  333
162  620
1460  82
1943  39
1039  448
1674  1021
1859  977
1417  1312
651  1945
1622  412
839  1057
429  1549
9  1743
1207  1087
730  307
10  536
378  421
334  557
1823  981
1525  1510
352  1165
956  1931
1788  1915
321  849
1458  140
578  733
1306  227
1247  1017
692  1700
1289  1821
1685  67
1895  724
993  197
1753  1277
3  1350
1886  321
1804  1214
619  1145
1177  1190
24  466
261  1322
1377  401
1442  1194
1814  988
1265  1750
1832  1658
6  1934
1403  405
1147  189
726  1557
538  1
222  1861
1420  337
859  1811
1117  861
364  426
702  1067
1729  591
351  220
749  237
1204  650
510  1588
1117  1792
941  1516
674  584
684  1097
1802  879
120  1522
1195  756
1130  394
730  1865
506  1272
491  168
1934  1918
1586  1519
1393  1442
614  684
92  1066
641  847
281  734
286  691
181  127
985  919
1773  1203
1612  366
1998  1452
1326  1682
238  299
1470  324
1608  1614
1521  1792
1442  1663
554  875
1209  1559
416  497
1582  1237
1643  1546
1640  1506
1987  1828
802  708
1887  1385
193  26
1304  1728
1511  630
889  765
15  1086
1411  936
1760  108
819  840
1422  708
1248  1619
1480  158
71  1877
1762  1141
1072  541
949  84
1570  1623
1362  106
719  583
1531  1783
944  82
737  969
1926  472
1543  668
1002  1263
1551  1469
1494  897
118  1647
597  1273
1373  517
405  1048
1864  571
1478  639
558  1210
550  433
1876  1371
509  266
1821  1839
1538  1966
1860  1563
658  486
1363  539
598  574
1797  73
894  902
1553  463
392  1233
1120  829
1051  1714
140  1834
1655  1028
1369  1580
1037  1886
1383  1126
880  1704
1129  1922
1035  1671
1739  463
1805  57
1176  528
204  1975
1093  153
1259  410
1358  1958
1430  546
98  648
1654  1995
871  373
149  1958
1520  622
1759  1704
1356  390
1637  1732
1074  746
740  693
764  764
704  281
379  735
1706  1277
1656  1783
56  1846
34  1197
1814  1925
1413  1608
1698  1650
1404  1307
109  1402
1282  1772
568  704
1069  1217
733  1170
1429  1857
1451  1439
884  1356
1188  329
1074  656
386  536
1020  705
204  337
793  1901
1890  822
569  1921
9  1901
311  687
1547  1655
1787  1547
431  1403
618  1313
58  1594
974  1378
1308  613
188  1784
355  69
1486  97
1587  1547
425  694
892  193
1177  1566
611  558
1304  67
1967  1111
355  1993
922  1753
1884  400
1353  1303
1943  1723
714  439
821  1858
257  1029
1488  1641
462  1316
247  1146
139  1058
1666  611
400  1359
1414  1812
1751  1847
878  547
1320  885
1081  737
11  1532
1456  1171
940  558
1971  664
171  1051
19  871
1679  786
1107  1907
823  1257
1604  373
233  313
1295  1730
1307  489
559  1120
170  1818
284  875
1492  1711
319  1401
487  180
514  869
161  1383
606  35
1206  1791
106  1720
217  61
360  304
801  1552
1732  911
1771  622
172  1922
1849  1415
1610  300
50  1573
1430  1020
1884  1692
1636  1574
1456  1344
123  1615
1418  473
426  2000
160  785
1250  1471
680  1940
1805  1688
214  1543
917  1679
608  1536
154  282
518  643
455  1653
139  285
463  168
1636  70
552  989
355  1206
309  223
680  1682
475  1733
796  1172
70  1096
661  1895
628  96
668  1253
1105  89
246  1940
127  1314
1514  465
76  1804
1303  46
538  1706
1487  1440
1060  395
285  1339
474  1449
1680  1372
208  1310
116  1313
919  1436
1660  335
953  777
1500  1235
1619  794
1119  282
1633  765
1841  487
1094  1439
1611  465
1700  355
1339  333
1442  1395
485  1960
1113  485
1168  1717
580  291
1465  1020
1947  238
1801  1727
1117  765
579  747
1000  874
1784  1645
918  550
751  1027
1385  1096
1281  88
1667  303
607  875
1385  257
1994  1731
1924  1574
1117  1377
1827  1327
1817  182
596  1267
1851  1248
1741  1429
396  1252
1419  1538
107  1715
800  334
1874  1991
631  1176
735  172
1882  356
1503  641
932  1081
1626  1356
668  1835
207  1348
670  1509
810  754
662  1989
1870  122
687  1799
1507  241
1517  76
1535  357
662  179
1932  889
1548  1039
927  662
1896  816
14  525
399  651
34  92
896  1696
1429  1129
797  102
1644  772
1332  1426
542  56
747  1665
1838  1132
160  1060
107  1654
971  1769
827  1773
125  1060
344  1339
1074  769
1851  181
460  1369
1552  44
659  12
132  41
1206  1174
810  1039
1505  1652
339  712
403  1792
868  1755
1473  328
1457  688
959  1825
1357  1730
571  158
37  1306
1498  235
1662  673
1413  1660
696  1202
368  608
329  1779
786  1839
593  706
68  1310
1912  1020
205  937
640  1390
273  667
957  866
341  514
38  259
696  1069
303  309
49  1215
1409  49
587  467
987  838
271  1724
1717  1791
1462  1825
1512  1876
90  1768
1467  860
489  1333
807  1976
1066  1669
388  543
1628  1579
1406  644
757  1580
1234  1272
1553  1286
1567  1057
465  1109
391  1452
876  1078
788  1947
438  1611
1980  839
1558  1599
45  3
849  474
955  1927
875  1205
935  304
1767  763
1260  497
970  1862
1308  1370
246  683
1650  1866
1982  1345
721  464
1945  371
121  128
1372  298
1467  1009
1158  51
803  1862
122  354
243  759
862  57
399  1559
354  275
317  1531
233  737
1393  693
1466  1228
512  581
1656  64
747  1154
122  1507
1843  20
395  1067
1510  1685
828  1725
264  840
571  113
1532  1657
101  1081
1312  705
1197  551
174  577
1947  354
1817  1589
561  1928
1174  1241
215  1997
1863  1171
1423  1928
194  979
407  1961
809  1144
204  59
452  518
281  1735
1722  1484
1797  411
773  18
233  1282
77  382
1241  1899
1023  853
919  1155
222  14
1906  338
765  1824
156  898
548  990
1871  1653
674  730
1039  525
39  46
1985  106
0  569
166  1209
1861  1793
791  1469
938  1975
1038  1948
30  731
537  1885
1061  1270
1299  850
174  457
666  1307
1681  1154
1916  1148
1635  1117
1708  1788
208  835
879  533
484  493
824  360
401  459
1131  1050
156  1625
580  976
719  675
1111  1057
1741  1549
446  141
651  880
133  123
1795  1455
1392  720
1129  1045
1834  1084
440  382
248  620
104  141
1854  1604
776  307
224  1378
691  990
1638  700
1781  1959
783  680
1681  1831
370  1352
1452  1681
1938  96
747  1521
463  1924
491  820
1707  982
699  1383
1724  1625
501  77
1394  277
51  1369
1583  304
687  1777
1633  784
1720  1789
1380  556
858  1164
1905  1048
928  1266
191  1074
1593  49
1769  1460
763  1091
2000  1483
525  1717
22  1647
312  899
416  734
1959  840
1521  1129
418  52
1864  1568
1188  1616
1907  1443
1098  233
1518  943
914  844
1642  1234
1377  1105
934  106
1607  240
1492  937
789  467
513  429
1085  508
470  616
421  1995
302  599
501  388
1382  1985
1771  1510
300  474
1672  1585
1455  1672
179  1572
293  598
1409  258
376  1614
1969  799
1289  1980
1929  1918
1648  1741
1623  1193
682  1977
1696  1585
223  917
1178  335
1005  1948
1296  1896
130  1941
1080  513
1169  1531
481  542
200  388
1330  1506
596  1150
565  1572
1863  845
1133  1316
1  1014
562  854
676  381
1922  1105
611  1438
777  278
1398  731
1891  349
913  497
1054  1728
549  711
1764  1545
61  640
500  428
833  902
1782  605
661  767
71  1126
1564  188
1030  660
315  1603
1535  732
1146  179
1454  533
1665  894
659  828
84  1759
331  414
597  743
117  696
1254  709
937  1958
1566  676
641  1089
148  67
1335  407
1454  401
49  1562
268  1195
1805  1876
619  1038
1194  673
1720  1181
81  1121
1856  1696
1910  500
137  1931
178  1609
703  1462
1953  1059
151  415
238  82
145  632
1657  1044
1208  401
1682  225
950  58
269  653
1058  1127
201  1007
300  800
88  62
1511  1254
408  1480
1199  1682
950  320
1092  1872
1826  190
1011  32
596  1841
1530  1572
369  265
1450  869
705  1729
1802  395
1423  928
1617  736
1228  550
1623  1208
782  1861
559  700
998  1270
369  706
1843  1427
1873  450
1672  1417
1257  1525
407  585
1463  1568
1843  1926
1919  283
961  1131
667  390
945  1879
1319  289
1658  1110
989  1642
914  894
922  1976
195  371
1340  384
992  1906
1473  1574
503  1310
152  328
1693  936
543  1322
58  420
960  816
1949  1193
18  1393
61  1446
1370  404
195  721
594  100
530  1352
960  1493
513  1805
143  811
91  33
473  1653
221  544
946  1750
339  882
19  191
417  299
1617  506
1653  929
124  265
556  791
168  1295
1397  1607
1329  493
892  1624
987  259
613  214
1839  4
330  435
1011  1738
1641  714
488  690
771  415
226  918
857  1700
889  1563
1314  1491
1272  1470
1396  696
1213  766
419  1524
986  1592
37  955
1216  1346
843  1815
453  732
504  1694
94  762
1141  731
1928  861
689  1245
959  306
779  1221
563  1203
1435  1769
22  1443
1197  540
1781  35
457  387
1891  1560
1857  238
75  676
1601  1641
1773  949
277  1105
1798  1216
1888  46
938  430
1106  144
1554  1348
405  1476
1541  1753
1984  568
1253  734
981  1757
147  177
1263  1568
464  1325
1436  1817
1524  1132
800  1097
1402  697
962  1794
806  1906
433  1653
205  1464
1664  657
779  1765
568  1065
1355  588
512  1457
1588  1042
1672  1506
1097  1451
1348  166
1724  503
1488  529
389  669
1553  381
1368  1579
449  66
1975  265
512  453
1517  1217
107  1299
554  1208
534  1085
1050  1244
1999  367
834  833
1912  370
134  1687
745  368
459  1871
776  19
46  0
836  1615
185  774
773  81
1779  1512
1393  1685
1539  911
1100  772
1237  168
1225  880
339  1525
1499  1618
1427  923
218  1457
1086  1826
1898  751
24  374
976  1890
1541  765
1085  1764
1024  1922
1166  1073
1263  685
1626  1839
1494  1716
1873  1227
87  1868
1099  1891
1163  1852
724  796
865  1016
285  261
54  589
210  1098
1326  1802
191  1050
433  1568
1322  1471
261  275
286  1611
1555  1171
1037  1076
449  476
470  373
618  1667
1987  1871
851  1125
1498  1561
1850  1073
1017  1231
819  47
63  863
435  1683
732  1370
502  761
1031  168
1286  199
1839  527
664  20
676  1236
81  390
752  593
1192  847
1939  432
1778  1180
733  1309
1644  1597
1988  1285
1098  608
312  1739
594  1304
1004  1276
967  105
1076  136
774  1967
1427  1771
293  975
61  854
1388  519
249  1669
1973  1560
1027  1259
711  1023
1472  225
483  1805
218  826
1008  1447
1389  1347
535  1071
1561  348
1066  110
65  1567
1321  1988
1718  413
1429  1318
116  762
77  573
1023  270
733  1231
1710  10
1590  908
362  1350
661  441
1092  263
806  1091
1158  1388
1777  1000
311  895
1762  1454
383  994
308  1374
1186  50
1967  1219
111  577
602  439
1616  673
275  22
841  330
1941  1658
959  715
932  606
168  1780
90  1195
1403  221
1250  383
646  957
329  879
1420  250
1041  2
643  1983
1806  606
342  262
230  181
1059  1616
1984  207
1007  901
924  1238
268  206
449  531
20  783
1151  903
456  138
1906  92
921  468
265  1160
1250  1116
156  671
1216  1540
934  334
1372  1364
719  2
681  1102
418  1756
470  1555
833  1196
635  911
616  807
1486  199
1726  1451
1519  704
1363  157
377  1475
333  632
452  85
1199  1569
1918  100
1041  268
422  1150
1040  66
483  899
1822  557
539  499
1597  175
661  89
532  1506
1733  634
1644  1216
1429  1392
29  1400
569  342
331  609
1300  260
380  388
1757  211
864  1975
266  743
355  390
1211  1453
1372  1252
325  1158
1830  435
347  1709
857  1041
1738  1123
374  282
131  176
1821  306
1790  890
1185  237
1706  139
590  792
1127  395
1700  847
1346  580
1950  1402
1299  139
734  1491
380  631
242  161
718  54
1733  512
657  840
1778  746
1982  1107
1472  1271
302  202
853  469
216  1486
1864  1423
1199  829
1940  1260
109  158
490  446
1980  891
589  1552
115  1536
1034  21
1229  1446
282  1099
1721  1034
1738  1723
283  261
441  188
1754  845
1265  1602
1871  821
1460  390
918  1364
641  1417
1761  1734
1538  1333
461  1774
1459  1542
1384  433
750  559
196  1753
569  615
1021  1047
734  1163
423  231
1450  936
1559  1847
1376  1037
725  1839
840  109
743  979
1772  1937
1549  296
971  1165
647  613
18  1562
615  804
1192  1850
1513  775
216  886
1861  837
222  405
865  1305
467  409
1783  1553
30  1657
1514  928
1420  1553
169  1042
1617  546
1465  1829
1051  1781
758  977
778  1473
1206  79
1826  1202
1831  1118
735  683
433  321
1615  1319
871  1234
1273  1928
1124  1722
36  249
1883  740
46  1861
1140  1988
220  664
1881  456
238  7
124  1521
1578  1294
1510  127
358  713
1043  1498
1012  353
1311  213
68  1019
251  114
1909  1066
1274  1125
1951  709
387  390
681  279
1723  1235
990  661
1506  1500
434  1128
872  1593
1492  1752
1780  797
159  1881
733  1955
888  407
777  809
1539  801
283  167
416  1308
585  1029
1905  745
1261  297
797  150
205  707
1932  1740
1255  1530
1188  1777
1895  1247
1729  1487
1327  1754
737  391
64  1993
1285  1203
727  1594
148  170
126  697
1380  479
306  1124
806  1232
1  302
1423  565
723  670
1574  809
767  241
801  553
710  1715
1799  957
302  295
14  1452
1746  913
1195  1857
252  1811
862  115
551  1750
1275  1516
1070  1395
1802  698
959  1699
441  172
343  497
1205  1098
981  1847
721  179
582  841
855  1199
1405  230
21  1329
69  217
239  373
1904  1915
849  1866
1263  1264
1071  1640
989  617
1782  327
222  1937
690  1050
1068  845
1352  198
1157  630
1396  1726
305  1659
1569  297
754  1261
1350  587
1360  631
789  1657
1232  1027
552  1307
695  1669
789  1020
892  441
175  1753
90  424
166  1972
1341  223
843  1624
541  1967
1003  269
716  218
395  55
1731  1245
828  1650
1117  584
471  981
533  1550
512  815
1036  1221
1979  1852
1768  393
1112  114
176  882
1949  67
1653  1375
1567  108
995  905
210  1492
949  224
158  1323
1215  851
1770  342
1879  647
925  607
1659  781
1695  1995
1446  1815
1483  1631
716  347
1669  1213
622  512
879  823
976  732
890  1871
220  1952
1813  1339
1143  535
295  1543
1214  685
1595  1674
1077  940
338  1178
79  1522
459  474
354  604
128  466
994  1277
880  840
68  1207
1060  960
632  241
1039  1003
321  34
534  1850
409  507
797  829
376  428
1666  1408
1433  617
1334  268
1872  197
1483  1819
109  1836
1820  83
741  1929
1572  804
769  1093
1064  624
1926  1781
1193  806
410  1843
835  1255
951  1483
851  123
58  1491
762  349
865  427
408  1674
320  750
1189  1071
1476  1870
1055  1813
537  1733
406  1759
268  141
715  774
806  702
1395  137
37  1513
1273  494
210  1779
621  598
203  1701
422  8
901  1002
797  1813
692  313
1839  1021
925  101
332  1443
473  1739
1645  1310
1474  329
107  1855
1657  1907
977  13
661  1550
269  259
448  565
592  995
1257  410
370  618
1611  1623
1940  743
1646  1035
1257  1481
1428  1844
1054  1053
594  1703
1337  675
579  75
882  356
1141  430
1421  372
300  1131
884  1028
23  289
983  745
154  1149
190  1915
1183  1825
1456  1512
134  1251
1203  1421
65  756
996  1225
110  1214
1744  1160
447  1591
1638  1790
327  499
1957  314
1688  1126
726  1290
522  927
1751  460
1938  742
1576  148
564  1469
633  1162
591  540
148  165
1384  1484
205  1887
1339  1596
1202  1639
1348  649
562  775
1186  1359
841  610
1205  863
93  1207
1508  1092
1731  1180
1154  1074
1511  728
1893  277
374  650
1826  1515
1999  538
1199  1141
1563  1576
1048  1262
1296  1109
1383  1518
1085  1396
843  823
629  194
245  1413
859  923
1936  983
1585  1460
530  1829
189  1157
1300  812
1477  403
597  425
1003  478
1117  1927
1106  1946
667  807
190  1823
1654  1971
782  744
1895  1760
101  1157
1561  890
1657  449
1152  142
1981  955
261  848
1770  1170
1101  1683
1871  38
336  998
1044  526
350  1208
1517  1356
1178  247
187  94
1094  1868
1389  662
689  1682
1936  301
1747  601
482  1253
121  1106
1319  1997
1027  1560
1023  966
1909  664
199  907
1729  440
1364  908
1002  273
356  500
396  749
782  266
892  514
1544  487
1958  1126
983  1880
838  508
1914  1642
170  1829
1149  1657
1475  1212
519  512
1510  1511
1776  377
627  367
151  614
1741  1553
991  1697
1921  1388
1137  353
1803  320
1047  1994
544  1036
785  38
951  486
397  1120
1253  1766
1317  135
500  920
1000  1530
1416  1265
1148  1769
624  1393
1977  1712
1557  1283
537  1327
882  266
964  1298
1513  871
1359  5
1784  1597
143  584
1211  863
23  3
101  473
1358  1040
1697  1977
1763  1347
1686  1004
782  655
79  1959
487  686
1330  928
986  1656
1261  1773
1946  770
560  868
1140  1398
858  750
1732  265
323  620
1509  1876
323  1575
1718  1397
137  134
460  946
703  121
1331  780
769  445
1363  835
438  60
620  1462
1624  1414
1607  326
190  364
353  200
12  1731
733  987
577  1963
1288  1743
1691  212
1187  1488
1559  487
1703  560
1266  1945
1773  614
1460  737
1206  798
123  1716
7  53
81  764
1700  37
898  639
1687  633
871  1719
337  785
1654  1114
205  1640
480  1368
87  1074
540  64
1667  1609
556  1195
1850  639
39  912
1266  788
1770  1047
1813  732
1451  308
335  946
1051  1451
301  1591
1137  157
1285  288
1071  70
122  933
1155  178
647  974
1206  1580
1822  1333
1538  1714
1230  80
920  813
275  1916
1087  368
1704  1630
1182  1878
1560  1500
530  759
953  150
35  862
382  568
409  767
52  1363
684  1045
1143  337
1198  1899
1872  1786
760  1329
355  308
1142  653
31  102
1517  530
395  1866
1592  658
521  1689
898  1520
1030  1499
886  1482
14  1778
1716  1645
1335  467
1273  609
1130  575
421  804
1234  408
396  566
644  366
1790  1439
313  664
1910  723
536  663
879  1008
495  405
859  1795
1061  1655
1628  1326
1542  1937
1148  1153
40  540
747  598
894  1694
1666  828
847  1543
882  896
436  1054
1456  1195
86  1975
730  1470
1655  568
150  604
511  1369
1825  1379
1580  880
448  805
558  1884
226  347
1895  601
533  1916
886  642
1678  1475
116  1380
349  231
1928  1519
679  1
627  1291
1952  1769
1957  1803
1413  851
490  1185
540  1001
954  1807
1604  1870
853  1439
9  545
1251  1914
1815  185
888  1212
109  0
1634  295
1858  506
1571  910
1941  592
1465  250
246  767
1175  1814
1703  1025
397  1618
1006  1364
1340  90
827  9
396  696
366  865
362  740
1141  1881
319  182
205  321
822  1509
1743  173
1875  962
191  715
239  738
346  1000
372  1728
1291  829
1467  45
832  1438
1572  1106
1659  955
14  1467
1604  1195
1169  143
1940  614
767  1673
1581  336
165  689
795  635
249  1629
772  892
1968  691
65  1523
1736  447
1528  1509
1646  558
1609  1317
1887  295
1420  1246
1200  807
905  1859
1843  907
1064  938
961  1807
421  937
1145  265
424  1099
776  1737
1715  521
1890  1424
1576  1558
1684  225
1642  339
1000  1228
1833  1294
1709  1253
1213  647
312  1641
1189  940
1775  436
1181  330
871  0
1311  1905
396  1010
1681  1901
646  1560
1715  179
1424  1935
331  1846
1755  1049
1181  1119
1799  1911
572  1026
1980  1592
1158  1063
1266  204
1366  1928
1542  135
1400  1282
36  978
189  1440
562  579
175  1967
1703  866
481  1906
1802  547
844  930
1445  1111
261  708
1026  892
1082  995
677  238
157  1682
1927  1374
1246  244
146  1869
1698  1794
1971  425
841  847
525  1123
1435  1447
377  1741
1913  659
1332  804
1531  1169
85  261
288  661
578  1149
627  1029
1805  513
1004  1214
939  312
1144  840
553  942
221  1306
695  1255
1799  705
866  692
1500  632
1019  1880
1403  1119
1004  1891
1287  871
337  1102
379  1720
452  1178
799  1747
1917  894
1660  882
187  1474
1748  1452
160  1677
903  205
913  1096
401  703
1660  1284
1259  415
1508  1383
1331  164
1100  648
413  901
1247  1871
761  1801
1293  235
778  39
409  1730
1792  413
638  1211
1789  503
218  1890
1095  1057
963  66
555  790
1961  217
800  1700
554  1145
1979  1888
1820  1885
1070  1956
1466  13
699  537
1350  21
503  1669
1606  1453
1457  487
119  1555
14  876
1856  1127
542  780
1946  1897
1206  1306
1671  778
1585  681
1593  28
543  66
1005  636
619  1159
645  28
1029  209
321  1296
1307  1818
311  691
845  1076
1688  638
268  1634
1652  2
4  1935
2000  1939
1084  276
501  89
1281  146
1270  1016
1572  332
869  1490
453  618
1774  723
1999  1740
658  1346
144  1494
986  353
259  1820
227  1629
720  863
469  1640
1478  1845
1511  159
814  1244
1805  727
62  1860
1265  1382
1145  448
619  1676
618  1392
1175  1004
1080  939
60  1789
1911  731
1577  1368
879  911
513  256
931  889
721  1729
1020  1090
1931  1558
785  869
1130  786
1479  1035
800  1771
1496  1989
1043  184
300  413
1399  101
1308  732
508  884
1566  1357
844  1251
1059  483
126  1579
558  1974
1512  137
1457  1275
397  1423
470  491
869  1893
134  1069
958  552
750  69
1947  1839
1823  1561
986  176
305  795
980  1850
197  562
1360  606
1771  1022
1174  1953
923  1057
1739  1679
794  762
648  1099
1278  625
1935  1722
126  960
1257  531
81  150
1578  1941
156  61
255  286
1835  7
1578  432
1285  1651
1105  206
1221  1728
854  685
1107  1933
562  1371
930  1948
1904  1082
1956  1132
1343  361
1276  439
1730  1870
1021  1298
870  1138
750  916
1846  259
1715  942
418  1298
722  1553
136  1940
828  968
382  715
1048  1654
1443  1752
419  1902
1165  1782
545  1133
1711  444
1954  371
683  1462
1318  79
1448  284
1824  634
378  378
1952  1681
1522  1930
1289  1060
360  848
1695  1556
1086  1786
123  1890
1867  1873
1909  937
502  226
515  598
219  1547
447  402
1262  303
209  1833
1341  842
601  122
1092  1
1490  1956
142  1364
1198  1889
1364  788
1877  1429
1500  10
138  5
303  1709
669  1439
609  35
1545  602
845  277
1952  1280
305  1462
1269  804
1533  954
224  1144
1688  514
1281  746
330  62
1916  1142
102  1774
1532  1787
1373  500
474  772
892  824
1145  551
209  190
592  1150
851  369
125  125
1941  1750
854  1184
1527  1600
181  139
1444  517
260  311
305  1397
135  1789
896  954
1325  1746
942  1254
1188  89
1431  547
1637  1845
932  1189
1893  1275
680  921
1899  1465
509  592
573  789
1112  188
378  13
1996  409
578  1193
1480  782
187  668
1820  1221
514  824
1116  1399
875  1458
672  1814
955  1143
566  33
153  1085
1632  448
887  552
186  1702
1030  1592
1009  973
1411  1447
1166  1242
1416  1489
597  493
662  548
46  484
1183  1272
606  1371
1171  1293
30  1921
1094  1501
1763  864
1557  619
1323  586
1229  780
1687  428
1499  418
1460  1680
1669  785
1560  1240
394  1368
114  978
63  1590
1057  441
462  398
1992  1072
984  1197
204  622
828  381
1907  1621
1486  1721
1965  705
919  533
1272  275
1758  1264
1414  1313
1462  342
294  1580
1969  1440
548  267
729  1781
849  1614
1392  1617
472  1912
1519  350
1416  1529
1124  833
882  723
1640  315
398  219
57  1911
1918  1084
529  315
890  1136
788  1109
45  494
1188  641
1058  738
430  1284
447  1423
879  1333
280  556
1708  878
1311  354
853  338
812  54
646  1285
1705  1893
837  353
1050  687
1254  644
332  1913
1986  1903
1426  1295
1152  824
1503  979
897  791
266  1928
1570  1907
638  1258
907  1519
172  319
1858  1241
1965  396
1430  1482
1512  1728
1550  1319
775  923
1406  1153
1732  320
1581  1546
5  330
1414  41
1053  539
1963  531
160  332
1990  1466
211  1216
572  1033
302  1672
8  1487
1903  572
1292  1631
1835  963
1306  674
316  1110
343  312
540  1300
1047  1062
1833  1484
1787  1384
1345  1176
1456  1621
94  1663
1110  353
1446  1933
741  1416
21  1096
326  655
825  520
1625  986
1217  388
1489  561
1458  1736
590  655
494  1506
1201  1581
1648  859
36  561
1861  409
1480  1094
1751  1550
1022  1751
844  1949
327  816
1062  1951
1794  840
1690  159
1213  650
634  328
1132  1792
1544  431
754  1073
747  993
1864  1144
68  122
1495  532
983  1188
1588  1911
514  1163
1577  1237
1536  1761
1220  1260
1762  671
94  487
1491  143
1953  446
42  1466
848  1326
60  1752
1670  917
704  1821
1271  1549
591  896
1578  180
1700  184
1106  238
1417  593
1661  1108
1892  156
1972  997
532  1343
1753  402
1600  590
1930  1689
1512  1355
481  456
1226  454
11  1338
1331  185
390  1424
1733  1791
264  196
195  569
1870  715
257  669
1281  1080
1885  1882
983  1612
675  508
865  148
785  251
15  180
1877  1045
1315  1560
1088  1073
877  243
655  1284
1144  1775
1505  717
780  908
539  1755
607  1034
899  1231
108  21
917  1671
896  1188
299  973
720  1991
399  252
787  1275
1972  114
766  1920
884  799
138  1557
175  1309
422  1527
1404  1468
489  1935
845  1398
801  232
779  477
1819  1918
1032  1096
727  470
615  1872
638  326
208  166
478  1435
1771  1978
677  257
1925  1934
1653  1678
284  637
826  423
874  836
42  506
73  1621
510  1138
1809  1980
1927  331
1018  7
1889  116
135  1986
1459  641
1333  200
1967  37
17  1043
1268  1827
1715  812
321  1050
1214  1050
1794  565
344  252
235  72
1171  1476
258  836
1841  683
1771  1762
1217  634
1534  560
1526  1294
196  1844
359  301
1690  744
1450  1048
265  601
811  158
1004  1004
996  565
338  354
644  1586
1912  1517
1430  1696
335  19
1338  110
1489  1918
1035  1955
731  1463
102  1792
990  368
1432  905
1746  643
400  1501
1025  1647
98  233
1254  541
649  585
472  189
938  1937
820  619
270  218
952  1712
507  1377
1199  1819
1244  889
292  1196
626  154
1249  1528
997  1186
1410  1113
1690  1643
1578  1255
272  1790
158  307
1980  1427
1592  102
311  1226
872  1195
454  1745
229  301
224  132
1437  570
602  419
166  245
1455  1819
259  925
1403  304
1405  1944
1302  724
179  725
1484  1698
0  1709
1886  590
1600  1239
1343  1158
465  1382
868  62
766  157
880  625
1053  759
1405  1850
1703  369
283  542
1242  392
230  1327
1064  1995
624  502
1561  1871
649  1622
1045  156
1269  27
1271  1103
237  1751
58  295
687  521
228  164
95  1424
1241  218
1828  1151
1940  374
1631  310
192  507
191  1914
413  164
383  1682
1984  246
275  164
788  898
665  1102
561  876
923  193
886  25
759  531
1799  696
100  1377
1980  787
73  578
1927  708
102  918
596  484
1200  217
1978  1044
323  1598
349  314
555  1696
1772  1080
1860  160
537  301
1746  1592
24  1120
1815  397
789  1307
1954  808
1731  730
1304  1117
138  1213
1760  1063
1741  217
1904  1210
1155  1145
709  1796
107  747
1730  1657
652  305
464  1066
77  1468
1052  713
180  1519
1452  6
791  590
1727  1956
1763  1636
542  116
879  1110
416  1985
327  716
99  888
1351  661
100  1742
1870  937
795  697
1055  1228
1068  1256
953  1694
1586  1181
1881  259
322  530
439  1081
1014  1239
1843  547
516  1264
566  656
1781  129
1087  177
1405  935
1431  1062
1080  1412
1610  185
846  1890
1572  411
1195  1525
1971  1712
1363  1600
1153  353
1975  688
1486  1944
791  1664
1484  1455
1149  1309
1569  1136
1255  1360
158  1516
806  1112
1406  1123
1286  1183
551  1938
1075  765
225  346
1651  618
1319  399
879  1976
1842  1840
757  1949
1382  817
1914  1349
706  1034
1601  1676
1867  1997
12  1938
406  1766
1007  1772
1332  40
537  69
1476  481
1834  1446
1874  1480
1767  652
946  975
1535  1217
133  447
52  738
604  895
1492  1734
1679  1243
1525  789
1797  91
1022  1803
1603  225
1389  637
218  675
1967  913
322  1254
1789  1913
885  1880
574  1541
1088  1665
1797  1776
687  1260
1122  1025
1728  399
1067  505
501  1043
1826  558
588  930
936  108
1677  1634
268  999
511  870
696  1081
22  878
1507  1945
593  1193
258  949
423  820
510  1832
1611  325
472  1181
369  916
1450  419
1369  210
860  1208
320  1613
715  1924
5  1724
1034  494
1182  700
1861  460
856  845
139  254
1359  590
1980  68
544  798
1218  61
612  1423
1210  766
232  1586
29  1778
395  1115
1010  785
915  1458
1159  1299
309  1628
191  1600
1516  585
1201  1357
1265  49
1612  1049
445  901
466  1700
1187  492
1543  1167
64  981
115  812
274  549
727  1884
320  1838
983  201
657  808
1939  319
176  1208
410  1557
838  1209
1142  478
1667  418
1635  1689
617  308
1091  853
1401  1019
438  482
911  1180
902  1801
270  402
1600  913
1620  686
1133  1320
1289  1520
780  1905
649  99
1124  1766
1411  1669
232  1355
743  1425
94  647
1656  866
1042  1036
975  1705
512  465
630  808
1608  1860
1931  1718
377  469
421  1665
946  1969
1656  710
1966  55
547  409
1360  1209
1018  1464
1219  723
446  1361
526  1710
969  1104
86  1195
67  1884
284  1966
653  204
1747  1893
1140  507
29  1760
2000  1210
390  735
1127  1063
923  280
87  198
1388  1067
1549  1833
602  985
1506  230
429  91
1786  1253
276  1048
731  806
1767  800
936  648
259  481
584  260
1625  564
1908  436
246  1758
922  1804
1829  63
775  23
1918  262
486  96
1188  437
890  1319
1728  546
840  1070
447  1950
1196  996
1427  1982
1708  704
1707  1592
687  766
865  1022
1970  900
98  1222
945  1066
1367  363
1493  1476
185  1484
1166  1256
1457  1821
1980  1577
582  983
1708  118
1112  180
581  42
1794  1148
1953  1138
815  1922
1965  711
318  849
1461  632
539  1562
517  703
708  1671
743  1991
1512  1861
1958  1802
703  1726
1797  667
501  1606
150  1254
168  248
1727  1984
332  1742
1520  1973
1461  831
1978  119
1618  1685
613  1604
80  853
1650  673
498  1629
1241  1188
1762  1149
88  1673
188  1204
1156  901
169  12
846  1965
1774  1699
178  1887
876  1924
1313  1129
1980  1876
23  473
1130  1743
1338  796
328  1672
1572  1041
1640  331
133  79
273  241
849  1917
846  1422
1045  305
1722  1800
872  1056
910  1020
1695  918
274  161
1677  1907
951  935
398  1520
673  767
1842  1730
918  261
275  350
109  993
1493  1148
1966  1110
27  1551
1479  60
1951  1809
1263  882
770  1664
1619  82
875  885
1505  1432
186  110
243  353
798  618
685  117
1347  1148
633  1408
214  563
477  505
802  1506
388  223
978  1087
1415  1512
567  1355
1207  1324
300  1016
975  541
574  1482
1167  1897
386  1710
5  1137
408  371
154  1941
301  501
1056  88
924  418
1306  1985
529  387
1883  1944
882  1514
1355  295
1077  634
207  260
1805  88
1639  1058
1806  1034
999  796
1053  1118
1838  828
1290  1616
1624  1495
1210  1448
1  1459
330  782
1627  562
1907  1754
1936  680
1315  174
1311  1360
1414  1085
95  20
1184  1689
791  63
982  1732
178  1954
1461  441
1675  517
192  1643
1633  1973
1666  1757
1074  1552
641  1209
1946  687
1427  1186
530  1609
1244  1166
537  1493
874  1507
961  1422
560  1777
65  345
195  1169
1614  9
1339  1879
1133  901
1440  1403
1465  781
996  431
1825  1372
71  220
1415  939
1412  508
1874  1608
1164  117
767  911
341  1653
1441  1372
974  658
1426  142
1180  598
650  832
1380  877
1727  236
1526  1410
1079  277
1646  1489
1639  1639
1960  1562
928  22
1246  173
788  1470
365  1149
1423  1716
64  1071
1933  754
1961  955
750  453
1298  607
1469  1471
1756  485
1150  1387
1548  1968
454  1182
551  843
1975  1291
399  615
1070  1454
1948  4
914  1859
720  1747
635  1222
835  993
1891  656
1807  519
189  1708
1441  1877
807  1639
816  298
1451  984
45  1629
1128  848
841  1097
1677  246
394  1536
871  155
535  1665
1715  1244
511  1185
1842  1948
211  185
652  64
454  1787
1882  1333
925  1370
96  802
1030  1268
1549  311
410  1578
1469  1100
828  632
229  1955
666  27
494  1254
475  1604
1827  1624
37  203
1804  606
1307  633
260  360
19  1445
597  1931
1198  312
1021  1727
149  121
1346  279
614  973
1281  150
163  1768
1231  389
641  1896
882  1788
338  1007
1221  130
1421  1649
1067  1107
195  520
300  188
1891  354
999  1309
1943  1438
357  261
1864  362
282  1054
1718  563
984  205
256  1366
1318  1480
1862  1283
101  657
1421  1626
1448  545
1879  542
1430  1852
200  711
227  86
1007  45
669  457
253  327
1198  898
1053  1131
216  347
1038  1873
1769  1756
624  652
1801  1350
1728  136
182  119
126  810
1440  1232
1481  978
743  1369
1481  981
829  17
1209  638
1298  180
710  1446
980  1235
488  24
1411  508
435  1042
1057  400
1094  808
1039  617
1614  866
375  218
925  375
665  1508
1137  21
192  87
1621  445
867  1365
281  1896
1932  381
32  1865
1827  1944
460  1721
829  991
353  558
1366  87
1209  1609
1840  1911
1079  895
1219  929
1540  51
1621  921
1360  1355
509  856
1636  660
1331  1398
1381  196
1347  1048
1319  1667
1637  34
1998  1280
1889  1231
1078  1353
403  202
1822  1357
1032  1019
491  1471
664  1529
1119  1136
1101  462
822  1586
1368  688
1766  440
129  1365
1993  197
356  361
677  1484
1365  1840
1785  468
330  46
170  1319
547  525
601  1790
1710  1319
396  145
94  69
1872  1828
69  1529
892  1724
1098  1773
322  1318
705  954
720  1359
432  706
1136  330
1599  1557
733  583
1443  1575
159  1438
610  1416
1325  731
1451  1293
765  661
1358  1480
1469  298
1474  1712
310  1078
132  1956
1466  1103
1461  1272
935  701
997  9
898  69
637  262
1540  181
1482  1879
1474  244
793  836
351  370
244  706
53  530
1422  1278
868  25
124  1118
1641  423
1425  1652
1070  850
958  1288
181  484
368  1195
1371  550
800  1941
1507  1070
569  634
1981  1974
1468  1366
678  349
996  1651
1022  1926
327  702
1551  1963
697  57
298  1322
952  1552
63  1215
1829  1573
1907  311
1908  1678
1355  581
1388  1353
1329  661
642  459
1941  1405
120  449
68  513
1331  1560
432  411
928  353
1028  108
229  353
1306  1640
501  1969
298  753
999  321
1934  1142
265  553
440  867
1811  414
380  106
1956  935
987  1855
1388  903
1256  392
134  1279
281  475
1404  1419
543  876
731  1247
336  1244
1238  217
37  369
187  1530
431  707
308  873
1292  1986
113  539
29  1292
600  51
337  1839
1688  615
1500  1805
1106  1459
1413  1885
1425  1910
59  1012
579  731
753  1013
1989  1072
903  583
654  386
1129  1119
1243  185
1850  1878
255  272
418  1488
293  1877
1650  582
1050  523
1332  573
1674  1120
45  652
1832  1444
394  1738
1461  459
1831  792
1474  1058
1321  382
1644  732
1420  1640
315  539
485  160
47  1360
798  333
154  277
622  1350
508  1497
1822  490
636  904
1506  270
1793  1031
1553  1915
751  951
139  981
676  1981
1746  555
306  1103
1660  677
1063  1899
931  683
1410  972
737  1435
300  546
612  1764
1506  403
657  1944
244  672
1765  1123
1630  1034
702  1942
984  1168
1930  839
1690  1909
803  1678
247  221
627  1795
1894  145
180  1078
525  1658
1143  321
1614  80
1788  545
1431  507
2  304
1876  677
1491  789
954  999
620  1171
1666  646
1223  1079
853  1823
1433  1650
1649  354
185  627
1941  1387
123  1999
864  325
631  1480
1014  1694
810  1504
1779  923
464  642
1527  487
1452  173
70  435
1060  1323
1345  1332
1598  638
250  745
1732  754
1272  1855
747  456
1020  1225
65  1249
1146  18
496  18
653  944
1465  27
1678  1709
1817  1079
1843  284
112  1700
354  1937
1078  253
993  1980
1129  413
1460  938
1786  1246
458  250
373  1087
1564  513
647  1663
305  1724
1716  278
936  1915
559  1501
967  1805
1884  472
918  1122
539  619
600  552
1483  1818
972  1652
1768  1396
1877  453
835  8
139  750
928  1602
304  1633
1763  474
1695  737
1513  84
1537  895
1207  198
768  166
1246  1982
1643  1607
1886  380
1767  659
174  1811
288  1720
1430  867
210  818
1638  1983
1059  1266
1662  1637
366  1920
290  708
426  1539
929  623
1838  858
243  1903
100  1824
1448  1633
559  189
1579  1696
1429  1729
255  420
192  1497
103  763
1965  1464
891  133
1490  1676
1719  680
1697  625
1908  943
1705  1211
1663  1353
1843  1595
882  223
215  1595
1243  1390
408  806
1435  1980
633  1418
464  1701
1328  444
1498  537
439  1739
112  616
1147  941
462  1821
256  190
1753  1677
1828  1758
1041  1656
1139  1098
1458  598
649  347
287  296
1670  1193
1326  1915
1611  500
1865  1384
170  473
475  1622
1905  647
1727  1198
1754  508
1964  530
758  1916
1629  1391
564  464
109  1433
1439  1692
1591  739
1354  833
347  988
1602  1119
376  1895
179  1769
666  167
1454  340
1380  282
613  149
1584  720
1177  1161
1045  847
1160  1808
1111  493
1809  1636
1651  1129
863  461
1965  1446
842  44
1612  1225
1897  574
1576  86
12  1835
830  624
1107  1584
1858  74
1863  1955
680  1238
1191  310
435  1476
1177  745
1244  1605
471  353
1906  1995
1087  234
659  1445
723  398
1764  1548
784  893
335  1011
344  425
1618  1081
900  1514
967  1573
418  144
1930  240
1736  775
1665  1380
1234  135
108  668
1286  496
407  428
1867  393
1678  1
927  1211
737  998
463  1627
109  529
2  648
1526  92
1587  1363
456  1626
256  835
158  1973
546  1959
1781  591
1161  1191
291  333
1890  289
1478  256
338  1071
510  222
720  1696
1954  1978
1592  686
1564  596
320  471
801  166
1641  1051
117  1608
1589  1332
321  777
1778  1960
1102  551
1433  1770
1892  121
287  187
369  748
103  928
1074  198
1120  1870
115  1331
1165  261
1683  822
720  1542
1349  1801
263  706
1293  136
265  566
255  336
928  361
138  1199
873  339
1276  219
1891  754
56  200
602  1517
1089  438
1853  1691
177  522
932  919
1735  357
241  1709
1422  1276
1093  178
783  386
541  761
1633  1189
1181  199
1393  1995
761  594
752  223
1403  722
1137  1848
1884  0
1776  314
380  1480
888  428
1027  1923
406  1835
778  893
1936  1340
159  674
1199  270
342  455
534  355
532  1269
1122  836
1068  731
1261  1935
987  153
99  1480
1551  637
1435  213
973  1766
1249  1185
1985  283
1030  602
377  1345
1492  922
712  831
1187  364
223  824
742  1018
485  878
727  735
1013  1425
1544  419
78  1422
54  1907
1291  281
767  1725
383  1486
1608  1603
1207  766
1828  115
1118  91
697  1230
693  284
195  1058
415  1379
370  1724
1372  1594
1116  1109
436  1960
139  1472
1582  357
278  859
1908  1710
1435  595
1719  320
585  813
817  707
1045  526
95  883
1413  518
1124  1079
1131  1641
1912  791
215  1486
1443  1650
1422  632
1716  360
668  7
733  1110
1308  89
1735  543
1873  333
136  1072
1066  993
127  738
1037  528
1584  1968
583  1764
818  142
1494  1212
860  124
1334  845
1684  1114
1228  1591
1912  114
385  1446
1053  1040
1407  1938
1001  168
818  1816
35  1106
826  1166
716  660
78  1245
406  160
1134  641
1573  479
1185  394
966  1938
1697  1366
1429  1890
532  1237
1222  767
1290  1122
608  1545
1107  813
601  216
9  1823
654  1349
662  1194
60  667
235  1243
742  405
808  1203
1107  1858
596  1423
1250  1814
1607  1139
1298  35
1727  206
326  400
314  317
1711  867
12  1745
176  969
1707  753
1657  1021
293  1614
621  1137
1963  1735
1025  674
976  1277
221  25
497  1947
813  1497
1833  1075
1537  1359
501  1065
1352  1840
787  1261
1433  1906
1151  1871
1404  1134
774  1936
1939  1868
114  96
1495  1035
1230  1783
1534  722
1112  61
254  1556
557  181
588  1070
306  788
1295  1244
1062  1931
1824  1299
492  1313
1627  70
1145  209
1424  1372
999  18
1540  1520
573  1268
358  878
846  490
412  1933
32  311
1293  683
1432  1969
1455  1958
1141  852
928  1592
738  682
255  608
852  211
407  970
1069  1371
144  1778
208  1282
442  1831
1453  1384
596  1657
129  1852
411  243
479  1263
1690  1553
1315  576
1540  20
1359  952
611  1363
933  1056
1956  1863
1774  579
735  1116
861  1356
789  537
956  1838
1326  1580
1767  657
111  768
1233  138
1815  1546
1334  1180
304  999
1284  12
441  1113
1938  417
625  842
1785  272
1499  1499
234  1163
485  77
1838  1725
373  1534
1036  1921
1409  668
1635  1812
1678  1746
809  1674
453  1567
1480  1659
585  728
401  1317
1490  1653
1136  1069
1788  382
1996  781
1465  1276
1344  727
1944  71
1387  1223
376  1905
860  1871
1744  756
267  1160
800  1279
213  1694
1263  283
1276  1980
1800  493
950  553
1550  1498
243  1039
327  214
1319  452
1073  1313
432  1268
1171  448
1062  1684
1025  907
292  907
1499  449
1346  217
898  1300
1145  1410
949  803
994  1986
1518  1994
1481  515
227  1062
1757  1028
424  1546
1662  930
1170  849
1093  775
1989  439
558  1956
644  1283
1035  324
151  896
899  534
1455  1952
1161  1201
1530  890
268  1510
299  44
1679  1779
41  1916
257  1018
1222  236
339  1949
1781  181
1203  520
1594  867
1022  281
1268  1651
786  1375
215  1070
1100  517
99  1651
917  201
1130  1011
1732  798
1311  1783
1309  1238
667  236
420  45
1443  1457
1013  1647
1813  1134
858  732
262  1868
16  4
1147  672
1049  948
36  1128
1158  61
1111  1582
1081  1139
562  325
419  1057
1766  86
1239  982
1433  1399
1493  1567
169  789
1717  1333
1708  1287
225  739
1377  1462
508  736
1409  1697
1159  1839
29  1906
1203  1478
1355  108
765  1838
565  1432
1235  1048
1606  977
1603  1557
825  695
1731  1040
79  645
359  385
1088  356
1217  158
411  466
762  598
1927  1963
683  1525
1464  1045
1063  1103
278  875
1382  247
236  1463
236  594
25  968
500  1805
745  18
162  81
1676  430
441  1712
1953  627
286  782
688  1698
1441  411
306  563
905  1360
1940  1636
678  909
48  1070
103  1233
1522  536
920  891
1578  1559
1461  1259
118  1758
1972  1575
779  765
319  373
1143  1433
1084  771
1967  1460
1730  136
1253  0
1320  14
1605  1003
151  1581
1070  1850
325  528
1551  1049
922  1478
215  1774
1176  1191
813  892
1969  1935
1132  1159
297  390
1407  49
886  1475
36  796
7  7
905  1159
1035  470
792  1437
13  1696
578  977
747  370
575  483
1425  324
700  222
154  1597
658  1756
339  1856
506  1081
106  1207
1911  1228
1723  697
1932  777
1390  1193
771  1675
1752  1033
1575  1783
950  1727
1350  1109
10  886
1520  828
1462  1136
1847  152
1047  732
74  1004
1485  899
1233  1131
1926  1316
1082  1225
151  1331
683  1597
209  1559
101  87
320  856
141  137
799  1752
1693  1915
660  289
732  936
523  1499
513  899
858  1348
700  1938
715  816
1231  1996
289  1298
888  768
1426  1409
79  255
1156  1102
257  1856
52  617
1291  1922
1440  837
140  12
949  402
768  561
455  1232
1767  429
401  1014
1164  234
1479  1381
1551  311
1505  1503
608  1946
645  1115
1846  673
79  40
174  1235
553  421
81  1784
1964  754
1664  369
306  128
1442  617
1514  348
817  685
912  1522
1291  1801
86  1726
1292  1044
1221  316
1757  267
208  1834
715  1389
1441  509
948  430
1448  457
371  1552
1170  1879
98  1188
708  99
1329  1994
1697  1669
1208  556
1710  1590
547  842
563  1404
1616  1100
1257  1463
1641  607
1765  317
1597  1666
607  1096
1010  1696
1397  141
310  375
941  376
70  664
1272  1433
303  385
1017  1550
66  1558
1269  1672
1356  1893
1721  309
214  353
1793  1832
734  1147
755  992
1264  1754
1735  856
706  158
704  348
501  574
1126  638
1186  1273
1039  1145
1735  1562
1091  185
511  363
1313  1757
522  1649
1397  529
808  1669
1630  2
911  1894
946  1053
1923  29
1099  1706
1352  328
481  1339
1254  1462
520  865
974  921
1687  507
556  1651
328  1485
1205  1953
1921  1725
1674  1367
1660  768
443  1441
1854  1805
64  438
248  1301
1643  1500
1471  31
1563  240
1227  525
1458  351
266  1538
1659  1970
1285  691
1464  1770
176  1864
1022  1132
177  89
1775  239
1368  1287
1843  1296
408  1589
609  338
737  369
1813  128
1981  633
33  264
1323  1510
1249  458
634  1488
423  1911
1619  1903
1665  1385
238  1477
1712  1776
1793  503
528  1720
1438  1968
1911  610
632  1163
1894  886
364  98
705  1728
1428  1355
1638  414
633  383
969  645
1642  1117
909  283
266  1236
1  1745
167  100
1946  1840
1028  1794
536  1838
313  1204
1290  1404
1213  703
595  1612
436  1541
1814  765
1271  82
1751  526
464  369
371  89
947  1026
1509  1291
1447  999
281  47
1494  1194
1175  851
737  1624
1163  290
1092  108
1998  1285
972  399
1503  1683
1582  302
811  2000
1650  496
1127  1619
265  1540
1519  962
790  1041
1143  1594
1779  356
614  244
1872  287
890  756
183  1327
604  1194
275  568
309  1117
1261  1268
1461  1932
1570  1458
270  1170
1582  610
1140  1302
1800  1680
1149  213
1591  700
1444  228
750  32
1680  113
42  1270
857  398
1373  1836
685  755
1404  1876
1358  1711
1285  1326
282  1903
1726  1728
1296  1582
1443  1639
1859  4
1302  790
115  204
822  823
1392  455
1616  722
1225  582
761  1125
346  1676
105  1679
888  1333
1559  1503
702  1898
1285  1776
1729  72
378  1318
1186  710
1078  1155
217  1710
527  831
230  782
1838  179
742  1742
287  775
1394  958
1316  1876
1131  11
1679  1297
1783  449
1971  840
52  820
1954  904
1082  1374
1280  460
978  1760
11  1412
1117  1941
693  1098
284  648
1436  1024
544  1070
1889  1113
713  44
1817  464
307  1550
1236  845
998  1242
1807  1533
551  1444
433  1660
1511  1035
335  625
714  548
290  1292
1988  995
799  1601
530  161
655  102
1259  459
355  826
1246  334
846  301
1235  1898
1508  554
1643  1669
459  637
1366  1394
713  1503
850  194
1071  694
814  729
887  627
222  1996
1701  288
1687  1132
699  1233
1899  1186
1084  1139
544  1379
776  785
409  96
1637  1326
1797  158
1362  1821
988  1846
1902  1553
693  1242
1560  29
1432  849
575  189
645  13
1777  23
1503  454
1273  1886
217  1643
810  1153
713  1040
851  399
904  1494
184  166
1739  1495
726  1865
745  738
1698  478
1909  1757
565  1121
776  813
1406  203
341  1525
20  1510
1308  557
1870  1246
1506  860
642  1407
1483  1781
91  1298
952  1757
1300  611
1850  348
655  1866
355  149
492  1232
1454  204
1692  1756
643  1409
974  46
935  994
112  792
1273  1244
582  612
1317  1411
1311  250
811  1003
311  244
393  1309
916  1803
775  1028
12  246
1771  1205
968  957
1944  688
1476  1056
1560  897
1789  989
1113  534
1217  1833
1847  1360
425  1207
1115  1162
1481  166
1943  1111
1108  340
979  416
1176  801
1428  1683
82  987
499  1261
310  901
624  98
306  1935
1055  992
1854  1060
332  349
1421  198
284  539
1045  896
1789  1310
751  1648
1096  868
1117  1874
1980  679
548  1503
1110  1302
1417  557
1025  968
1686  640
1223  1110
527  1948
216  1567
511  1121
177  1966
1867  454
1523  1828
58  1861
1027  676
1300  1466
1436  902
448  1155
633  1251
1171  1565
383  1952
1277  1779
20  1153
1263  698
1916  914
709  6
1376  24
1299  113
259  1792
557  1280
1779  756
219  1112
1220  19
1545  1661
306  1885
1965  211
446  562
25  1811
165  265
150  1110
1052  809
1049  1400
1785  213
1994  851
1205  1022
1476  1269
650  1663
1510  200
844  1882
730  1609
1418  380
760  865
1756  1168
1043  863
266  685
342  1506
248  54
1816  574
1069  1065
1721  476
1024  1
1863  215
108  787
1328  1001
1978  1342
688  1824
634  500
585  1618
1819  1245
895  414
1424  222
995  1178
62  704
52  1209
1665  1242
1242  829
1082  1452
1630  973
544  1286
411  914
577  1627
935  534
1709  1735
175  401
690  422
974  1272
1597  889
1011  1439
327  455
242  250
899  1033
445  893
1318  57
207  971
1462  258
150  1084
440  93
439  1090
1859  1699
1224  1060
705  1657
470  222
273  89
18  1689
1819  754
461  728
1991  1457
343  141
276  859
937  1320
76  118
1713  1242
372  445
1906  333
293  1893
505  1496
985  657
1704  374
1241  891
1495  257
193  1503
1638  1289
1622  1909
797  643
1830  406
1293  1809
1756  1278
561  599
978  766
425  386
1504  1200
252  565
123  1215
1803  1117
1020  14
552  548
1863  1523
162  1972
943  990
73  894
1877  706
1195  1830
21  233
1392  690
1922  1953
1960  601
1018  658
1161  300
195  239
509  341
873  1959
338  248
1271  35
1446  134
473  8
1831  1813
1334  285
525  762
1924  1247
1804  484
1414  668
162  1623
193  1687
1085  1809
1325  804
669  974
919  1461
1366  1101
1711  1725
1245  698
1493  1212
1408  1814
1175  1193
12  1844
464  1654
1030  1601
1558  972
87  57
589  1913
1912  1703
1365  1596
825  209
442  1641
956  797
1936  730
1232  316
619  139
729  1975
934  1977
653  770
237  666
147  328
1948  1761
1125  1354
1579  607
1559  1158
1402  718
1888  882
1288  1232
1556  1871
1076  297
1327  255
1318  354
940  789
1680  805
766  562
1545  635
32  1601
1035  1793
1402  1134
489  93
305  1261
1457  66
1541  1525
989  1671
1943  1781
1714  826
720  1020
399  128
1886  434
234  1158
743  52
847  1043
1749  1138
639  86
617  18
1744  1999
1839  1997
373  489
782  1754
695  389
836  1483
1571  648
72  1168
1390  671
1523  1702
824  384
929  1925
1789  869
298  709
1835  428
286  510
1040  1390
1153  1310
685  1318
1244  870
138  502
1858  363
937  1355
1640  1304
680  1695
919  617
870  169
741  1858
31  987
395  836
1315  1016
1867  1666
1564  708
50  1785
903  1981
1995  1117
1762  209
490  115
1108  1631
158  991
1669  364
616  834
1568  552
1040  1281
1441  1437
1168  1038
1552  444
1315  1526
627  1498
65  313
1364  1474
377  73
813  432
312  317
1827  453
264  1475
1428  289
144  675
1815  266
1091  872
1673  496
386  1738
1717  1207
1434  214
1342  1487
754  1086
1567  1523
1352  954
1186  1155
1355  309
546  129
407  237
1977  394
600  1000
706  1877
1586  1186
90  558
887  1202
1201  1854
1972  1653
567  1723
1154  326
1552  53
1227  1845
843  759
150  1799
1972  1097
1927  1419
327  1954
663  1826
739  1041
1707  510
910  246
1487  563
759  1496
1744  1714
1070  689
895  1915
1458  1460
50  971
985  1057
276  903
339  142
86  1955
1753  1058
1652  1760
296  28
682  1907
1682  634
26  96
744  199
1929  1081
674  1153
1979  1863
772  1068
627  1493
1791  684
140  657
1596  1556
713  857
1496  317
1011  1271
842  1678
1379  115
868  1956
1425  1203
1384  1928
192  1612
1600  870
965  42
11  841
704  1478
1878  944
752  1489
1642  1407
406  309
1161  522
414  799
569  1882
746  1186
1728  1083
652  332
1651  403
219  1239
660  1150
1100  1307
580  650
718  1102
1720  1584
1791  1528
941  1240
1584  1567
1822  803
430  1213
385  1133
244  294
306  1466
1383  1633
1719  802
13  415
216  1364
87  577
423  1310
1845  481
1786  1585
268  59
378  1422
102  980
71  527
806  1027
451  1729
1091  441
1125  1284
1311  1488
782  1636
786  1729
314  415
102  1242
1380  624
1429  16
1354  1959
633  774
821  24
1097  431
1054  1837
1179  1805
1778  1106
1250  251
949  367
126  470
215  653
896  1146
165  1603
796  307
1393  668
643  1952
556  1722
1798  171
226  43
1480  1926
435  855
957  300
531  1805
244  1249
1477  1052
631  1904
479  562
168  1752
1082  328
1728  223
571  1424
1536  162
946  1751
974  1866
587  1654
1372  959
1138  722
109  641
621  490
657  1442
1458  1468
1328  292
1893  982
267  1811
1120  851
195  1134
721  1326
1029  243
734  1091
743  465
728  1038
1780  893
1983  443
1269  92
614  306
1358  192
411  1738
1492  626
1060  1633
1418  487
1828  1097
1348  641
12  944
788  395
1354  72
676  707
1114  455
873  897
1403  1781
1567  870
1123  1340
235  650
763  94
765  1091
1575  1850
1379  1182
1509  1113
378  1796
950  1690
1132  579
1506  685
1433  1119
40  413
733  1502
1339  1794
1381  198
91  426
21  819
43  1527
1082  224
1563  77
895  488
1954  1886
182  523
1134  1886
426  677
429  1473
134  974
1960  402
300  1160
1114  1549
1254  839
1644  1291
1107  1910
1844  1955
1217  908
1471  236
382  1630
60  1603
1794  338
