1000
1742  1665
1050  1153
510  1399
1251  990
1040  4
25  1926
770  323
1876  799
1753  1050
1318  252
287  923
485  935
242  1273
123  1693
629  1986
1842  1989
539  1331
75  769
1260  1726
975  680
1857  889
1424  953
1809  228
1536  1906
778  1161
508  1284
1996  1850
1950  138
305  1482
551  1397
260  1288
589  1511
1122  70
101  1760
1315  12
749  1861
533  304
1278  1730
1680  52
6  1336
440  1678
1317  1839
863  1438
1544  1643
711  934
1454  1651
694  531
1784  1940
1295  1357
883  1801
700  785
1201  852
253  1510
59  1455
1708  1433
529  644
1184  910
1357  642
408  1291
1198  1495
43  1974
1034  680
817  1557
1354  98
357  624
1126  613
996  1678
1803  728
906  733
1074  1070
1113  1974
1498  200
1788  527
704  1778
1435  499
45  1941
1620  1768
1132  950
1026  1398
1553  1684
1688  1762
608  1207
1750  386
548  481
1108  1784
324  1733
961  294
1985  919
625  1131
872  733
273  236
1453  1033
1809  81
345  646
1946  1993
999  1283
16  1376
1580  1599
1502  652
1308  1890
20  1919
1368  1273
1310  1194
118  1253
344  218
399  1820
225  489
797  386
1800  559
146  1786
1974  246
87  1966
1182  391
920  777
1421  547
1414  190
47  1594
147  1708
252  1686
1458  352
978  1513
1367  663
531  302
1004  1994
1509  68
660  1903
949  824
1875  1041
1347  266
1415  285
1195  714
495  1338
1720  1281
1630  89
1609  190
25  1987
1795  342
397  583
54  1754
1968  1561
1150  1286
1590  999
800  737
766  1852
1349  753
1741  1590
1822  823
326  1842
1290  1793
1562  520
1459  1895
194  1434
838  45
52  550
1492  808
919  644
979  1341
1545  117
1370  916
517  1297
1178  1210
1358  1299
17  84
403  973
178  1527
270  458
309  1893
1513  1704
1371  1969
1265  959
1790  869
777  147
655  317
1409  67
683  1524
1907  591
1419  3
599  1655
749  1691
616  1448
1565  1848
841  614
1883  1834
1161  500
832  806
1573  1931
1471  353
1906  735
671  1017
874  703
517  1122
287  1961
505  1564
1269  336
1521  1865
1783  1725
1897  1232
150  383
1944  1565
1581  1870
301  1680
1019  393
836  72
180  488
26  1846
284  1961
1059  1982
1226  1921
70  844
25  1728
1260  1685
1166  1277
0  280
1064  1097
1403  557
368  1736
1297  1531
1824  1621
428  661
1253  1987
955  510
1242  1790
1312  1392
397  756
1535  861
1828  661
784  1972
18  1486
1688  1168
319  636
1260  1334
1391  689
1169  131
1797  0
1608  1516
273  1230
1794  1843
1755  1375
1175  369
1115  641
894  1663
750  937
1315  743
1230  1849
869  366
1930  732
543  117
1384  348
271  320
1888  1123
1814  1719
1684  473
316  525
1268  1176
1835  1179
1562  920
341  312
569  868
316  954
856  656
1482  906
1346  1472
84  1506
1230  1015
82  1402
443  725
1884  341
1613  667
1908  977
124  763
317  1951
729  892
981  1428
290  1297
787  1247
138  992
1372  1456
48  1742
199  630
594  1775
70  1244
1195  1991
1077  222
1960  1250
174  359
1537  859
1275  1180
447  1175
1921  164
424  1376
781  1157
763  1276
906  884
1737  345
1225  122
384  1064
364  1229
1440  1675
1208  126
682  1790
262  554
1112  365
920  158
868  1098
900  1993
429  1101
1174  4
1096  1628
1364  324
1436  125
892  1944
155  1232
1339  1207
1382  1246
0  1983
493  1416
206  1655
491  87
1366  1851
1862  927
1264  807
775  1236
1990  1887
528  828
1289  1386
904  501
1047  411
1176  501
1397  1104
1117  1164
7  1856
848  1837
1735  1841
730  250
562  1378
1696  1847
863  863
42  871
1640  275
1999  547
511  400
341  1459
1366  1162
667  112
1975  337
241  1274
1905  1005
564  1994
362  662
764  1701
1723  166
386  1008
1483  1297
1151  1658
189  1309
280  1958
80  587
1642  1954
1456  517
973  1581
1171  608
1771  1344
1874  283
404  403
1457  334
1511  504
923  1244
1307  17
1565  1956
900  1722
46  823
101  1101
149  626
723  1467
1858  1249
1523  402
1847  759
1928  608
1676  1074
224  1618
1357  778
920  140
125  108
773  852
1188  1474
1510  86
603  1706
1926  627
307  1054
1713  1915
1182  841
75  735
816  1858
1758  1363
1108  1339
1396  690
1633  844
587  337
1314  1982
1960  80
1586  1111
1199  131
533  627
241  1526
1938  917
928  1815
1766  1231
434  240
1635  27
1242  847
1235  1838
432  1645
378  1238
944  63
359  1642
1443  350
1054  1150
117  1747
43  1214
1382  299
1995  893
177  1669
643  841
1612  42
1107  445
1979  646
109  529
525  298
890  171
218  329
1586  159
453  1008
1190  1539
72  988
454  1453
1018  387
512  1072
745  1680
294  1020
1158  1119
3  1097
1098  1146
1871  370
1472  1841
602  654
1882  449
61  623
1054  1624
189  868
1836  570
141  1794
185  1526
508  1048
1879  157
1863  1046
348  802
411  1138
356  1816
645  842
1480  1994
524  1640
1699  1348
1496  1698
71  759
1635  674
1524  1539
1641  655
651  803
29  1881
1948  740
1452  143
1827  248
1289  1484
403  1515
912  1829
1711  834
1941  1367
1656  1726
801  516
1831  587
1362  810
691  1513
464  1022
1284  747
1243  398
1583  1384
434  475
386  519
856  1491
629  138
1670  503
1252  692
1279  161
1032  8
246  1405
1317  778
546  657
179  864
25  1717
916  1022
398  667
452  934
1886  1428
1830  561
1383  163
1898  1502
730  616
358  52
1652  1469
6  633
241  1564
772  914
1643  1311
999  446
657  1474
447  226
1209  1111
879  681
1130  1896
220  1083
647  828
1680  983
1896  676
1344  1374
1019  1794
1485  527
636  1498
1643  990
927  1248
288  848
619  1665
626  1144
158  1123
7  409
151  1818
1767  1714
958  261
632  895
231  1333
57  1734
1014  95
320  940
176  175
14  428
1834  1184
1165  1435
1174  1232
76  1954
253  1802
675  330
1687  359
1851  1068
1937  1139
470  730
1401  413
1042  18
380  554
444  821
473  965
1781  1552
1705  1294
57  541
1413  1614
284  1743
1721  869
86  105
1309  1444
1319  1402
1927  833
1557  862
171  1189
1999  1350
123  1899
612  1537
1493  767
613  1113
573  1694
1611  370
944  1846
384  966
610  335
83  1505
739  1799
362  1898
1360  1641
1636  1109
5  1987
1030  1728
295  288
1816  1808
340  1839
64  1867
1219  1977
1661  611
1290  1674
1783  106
192  939
1907  1154
1529  65
600  365
1077  1859
1562  1782
222  1831
63  738
638  1405
824  1001
1318  1486
1458  276
22  425
1779  604
1893  1943
1715  1009
462  402
1486  1201
1573  1641
1474  1032
710  530
763  1490
253  12
823  979
1636  1756
831  1218
1537  154
43  1099
689  824
1986  1049
958  1827
256  1739
292  1132
515  1555
1922  362
1002  576
920  654
362  69
1662  376
1562  1565
1611  769
831  694
47  1805
993  1197
1308  58
1051  457
14  1070
749  324
1496  1083
1014  1730
616  1175
1105  1354
1237  1244
553  1622
1965  613
1683  1920
1609  1567
1233  1148
259  546
844  1172
1109  1699
819  676
472  205
1746  1078
268  1235
723  358
87  1882
300  1489
992  1344
1472  1280
620  1524
1832  702
1963  1286
14  1718
1552  329
1083  1192
1741  66
774  571
451  1796
1373  913
1996  1403
1764  726
1363  626
637  1874
776  1780
556  102
333  1916
357  1692
623  1682
1946  1525
702  13
435  1437
1781  1234
1587  888
950  554
969  1371
915  595
1563  582
563  1626
1468  1630
1882  48
1986  1795
1524  165
1389  1347
1837  484
1393  1804
1806  75
1513  442
724  1679
1445  18
1554  650
269  695
95  647
1085  855
1902  1604
1943  332
507  615
1667  1674
706  621
383  372
785  547
1604  507
1422  1510
977  433
408  1720
1885  897
923  1925
1959  674
1552  907
1396  1903
246  1856
1120  1667
975  659
782  439
1342  989
1645  1279
1167  1788
1582  1740
1368  180
823  523
1846  536
1624  403
860  1719
1147  1779
211  1924
402  314
1056  345
497  543
1251  9
407  369
403  1616
1277  349
120  1709
456  1278
1475  1068
1253  216
1247  1807
1408  1446
651  859
1583  399
448  1454
549  1330
1503  565
458  821
1483  1341
1826  1249
1982  1082
1052  1429
565  942
808  401
1556  6
666  1965
289  1658
1628  1066
930  716
1952  931
59  1391
643  1496
1259  299
1782  803
314  90
621  247
1000  1818
681  1365
1059  1108
1611  1535
1227  1986
474  1126
614  1511
732  178
1162  1320
342  327
1177  387
1884  673
1055  1003
922  1174
1999  1624
401  506
292  593
880  642
285  295
33  1000
1012  806
874  1424
91  1749
1419  1719
1008  1066
811  398
54  1165
850  1257
753  1387
1734  663
1599  1536
1599  613
860  1779
1919  548
1928  1579
1643  1392
212  491
313  1859
1123  448
1427  1442
1124  562
181  1542
788  267
415  572
228  349
352  1652
211  1175
483  37
672  1592
874  466
1991  885
298  1467
1481  1676
1084  879
392  1173
396  1035
918  268
1848  591
1680  754
834  518
1257  1136
663  962
1423  471
1348  909
39  1155
602  1542
608  167
583  1623
1743  1892
67  817
1784  143
296  1332
439  1429
1916  315
900  945
683  1212
336  1051
116  228
195  1364
1922  1032
1810  1917
213  1991
779  924
67  1430
1494  1723
749  330
205  139
671  1455
148  1531
1259  878
1175  1880
1580  1898
1521  1337
894  84
870  594
1967  1982
1409  1030
417  1891
1014  1252
1801  75
729  1533
1607  1659
1977  417
1242  982
1490  708
238  1861
712  467
1373  679
1127  1217
1875  1949
1241  673
1027  1261
774  1568
1464  1948
351  1499
1334  1639
375  1248
1553  159
424  548
1394  743
229  1217
1965  820
1082  81
3  710
911  697
829  994
765  348
142  1880
1839  114
1495  1512
466  752
1705  208
1354  1921
4  1643
1358  1858
581  1095
1932  940
183  1644
880  929
1631  1052
1146  575
1716  1406
290  718
1278  1722
122  1503
1277  827
267  398
293  1974
717  304
549  1000
1788  891
1314  477
1718  1445
1299  365
910  282
638  1914
1323  1004
349  1948
1234  917
802  850
50  1360
1019  1245
1947  885
1435  1130
1045  502
562  729
1630  509
377  1240
1762  145
1811  166
1416  431
885  558
167  1000
169  725
608  1250
525  536
345  231
1049  833
285  1912
681  1990
554  666
1345  1689
1505  159
804  619
695  1835
340  52
1470  1484
1418  1607
1987  495
1711  1111
1222  1337
726  331
1346  198
634  1223
1501  443
1108  994
650  111
928  882
1920  167
1720  516
1044  206
196  299
1615  1740
1660  548
2  207
1214  638
1532  1821
1455  570
1452  778
1508  421
974  1073
1395  758
1490  462
699  1001
715  219
684  1315
1779  1597
1509  1904
1864  472
1574  972
245  949
1682  657
