1000
1735  1811
812  226
1220  777
232  1956
1067  388
401  22
487  975
829  850
1057  749
245  68
993  678
1292  1831
1673  578
157  608
103  1375
184  945
991  302
553  1020
1806  347
668  1624
1051  1884
420  1504
526  593
1929  1048
350  1207
1583  452
1674  788
137  1495
774  1096
68  1468
1077  1413
1001  1255
1623  21
1176  688
90  1917
620  47
1809  1607
1931  468
751  1646
669  882
1576  117
1670  201
1407  1284
789  1960
428  1762
216  858
1606  606
802  423
1853  286
864  0
986  1492
1102  152
1616  696
745  901
318  1846
1542  1697
1225  738
1848  1028
118  78
1696  345
1637  947
1901  1642
1376  10
1247  1940
1960  1298
1455  1318
526  293
358  10
487  1825
1794  1511
16  1854
606  1347
123  69
706  1541
1156  1121
1905  1577
265  63
187  1660
1844  1728
434  440
1908  318
612  1298
1420  628
741  552
1398  705
317  854
1474  180
1259  1543
1319  1541
274  1356
238  40
1685  970
1072  203
583  1837
325  1345
1095  14
676  4
1847  878
257  1883
424  1859
196  1807
464  675
1342  548
1730  1227
192  1358
1183  1742
233  337
439  452
1449  827
1971  1338
930  1718
1034  797
141  976
1539  1243
117  891
387  1754
1180  1279
798  723
1018  1659
940  1848
615  3
1788  542
1810  577
1999  307
1011  1794
1832  1120
700  91
472  1225
1058  285
215  688
1060  1296
403  994
1653  726
914  589
1672  709
934  1650
1662  242
1841  643
631  1037
1245  44
61  538
1525  414
1013  1480
221  1413
1648  1649
1399  1520
1987  171
1617  1224
832  1783
1575  709
417  1402
199  840
655  702
658  681
1580  919
777  1859
1439  85
52  1147
1054  1932
1378  1305
1936  1032
1205  183
1563  1546
857  1874
204  1764
1382  914
1020  1106
869  1971
1099  1450
584  654
1278  803
1419  418
749  35
1992  1812
1821  908
1103  1022
907  78
246  503
1921  1457
344  1898
1589  13
480  612
756  626
1256  295
228  484
589  1491
1286  1709
1371  629
941  785
720  1399
1687  1847
793  380
46  1090
873  47
1012  626
1144  942
138  1829
356  1494
1394  1219
1919  682
1380  242
1096  33
1082  756
1368  676
707  16
1008  1255
410  1950
1346  391
498  560
1097  743
1083  1706
161  1339
1310  1408
1914  1494
1304  486
439  1605
75  1642
1916  1281
1988  253
438  1403
901  753
134  977
214  697
284  891
1175  1914
75  1806
1124  149
1676  1203
959  1585
1732  1746
381  1274
1106  1915
606  1651
1012  1657
1652  741
1947  3
195  205
1869  1542
681  1838
830  1258
668  155
1683  604
556  837
382  1345
577  387
554  1326
1085  831
786  1290
1171  960
1680  1999
825  1260
741  731
1331  1152
721  492
1319  1789
1077  1790
1980  177
225  381
1341  1286
919  862
76  1936
1243  1339
1811  657
1410  1070
1974  602
1210  313
1610  1521
398  1820
332  1670
220  881
1805  1820
933  729
1702  488
694  586
1039  1339
1214  496
1775  526
1225  1090
1  326
1980  25
1400  744
1504  107
896  1575
35  390
1969  1800
1864  41
751  1506
1371  1642
1681  910
1281  1748
31  121
1181  1230
372  351
546  190
1187  872
1440  1081
1615  1377
372  182
251  543
1761  25
535  1767
9  1192
308  819
1913  508
1218  882
722  1507
1895  1292
1187  1268
1135  446
1895  338
118  811
1365  1325
1397  1911
538  115
1841  1674
543  1855
1104  1880
1951  1930
1430  1592
2000  1231
401  1801
463  577
1301  1478
1624  1327
367  1696
629  445
1469  749
367  1919
486  237
386  1433
1236  709
1902  756
32  1148
1407  807
1804  461
828  1087
1718  1051
1027  514
895  747
703  1064
1244  229
1216  1848
888  199
335  1965
708  529
871  659
68  925
1537  678
845  1129
1524  1656
46  719
1011  340
702  912
1308  81
1198  309
94  143
1057  1475
905  1112
269  1853
123  1548
897  1458
169  1854
1463  635
1784  109
359  476
1051  527
1481  178
1644  769
1501  848
1723  1952
376  1999
69  1492
1835  786
1574  1945
1967  1707
707  232
1279  922
670  740
371  1130
1620  1309
1583  1273
279  1112
1463  472
759  1176
131  825
662  1652
594  240
1357  444
790  1103
1929  52
1888  894
1568  21
781  776
175  1023
20  965
44  1991
1807  99
224  1983
134  1287
933  1374
1413  1933
128  1725
1062  670
1968  292
369  231
262  446
976  1389
109  1634
1954  169
1512  1144
255  1126
196  531
1749  326
234  1207
932  1005
1696  46
71  1258
517  1578
1924  1454
462  792
1593  44
272  1023
462  1241
267  631
1400  29
1945  509
982  1359
868  1120
1726  1470
1681  174
323  1616
1583  1766
24  911
683  244
1433  197
986  140
483  637
250  560
1084  1637
900  1219
1539  1284
233  782
894  118
819  1988
1341  207
187  1214
1380  1374
1429  764
110  1555
300  34
1238  1458
1134  1857
1996  1665
1329  291
1307  890
1627  60
783  621
1064  361
1893  1083
736  1690
269  1061
387  716
1347  1232
1296  88
1254  572
313  1249
39  161
49  79
682  805
765  566
1536  1514
981  802
1557  810
1104  226
439  261
16  582
1756  1577
816  1398
1706  1327
1386  946
798  755
1733  961
1739  176
1280  1457
1108  1852
935  991
632  1176
1687  760
1105  256
835  1259
1014  521
351  211
843  747
283  1465
112  995
907  1302
641  469
285  1304
1402  1124
1517  1607
1822  1708
1184  1528
1923  1801
352  41
1196  711
1421  1978
1233  10
1340  1620
270  1622
1259  812
217  1679
1718  6
1716  1698
1077  1800
671  9
988  991
744  1023
370  1628
1106  183
424  1869
1682  1876
1675  1290
1288  369
836  192
925  27
1630  77
1002  1193
82  426
1469  2
1439  1665
228  815
1670  1677
957  1144
1053  124
807  670
1416  100
1385  1088
406  651
1075  1748
998  1842
1122  589
1181  730
1255  448
787  1979
554  1787
1072  77
212  137
1058  463
1281  969
794  110
1947  1627
1396  89
1015  369
1035  1150
542  36
53  899
728  240
693  1950
1927  235
485  1599
1176  780
830  1986
1811  1114
620  913
1141  508
393  933
191  1145
1816  1061
507  775
1305  1237
343  1936
1878  209
1251  1339
1464  46
1867  423
671  1517
842  978
1114  1672
1282  572
1836  1725
1344  1259
1785  765
1654  690
1783  1832
939  725
1989  1155
1307  1983
1195  139
1608  115
653  590
131  1168
993  200
202  1957
1385  1934
1981  380
295  1520
314  796
321  800
800  517
1199  327
207  84
686  1946
1557  375
53  545
984  545
75  254
1814  1410
1354  1919
888  441
1236  803
790  1400
1237  274
1893  572
172  1246
1517  1997
1513  1372
460  95
1429  1796
1824  1340
1128  984
1989  1657
1543  675
1288  1968
111  216
1831  686
832  877
681  406
84  1593
154  1158
693  1707
607  1903
815  1111
907  279
1688  647
233  1901
1810  1099
1911  1885
1140  488
1651  129
1368  1361
534  92
1131  1007
1154  19
1016  82
1202  1531
493  1332
867  631
1760  1483
528  1263
1867  1468
1008  376
924  378
1394  1484
702  1243
948  1810
1356  999
1879  907
1362  1782
1539  275
555  1288
1472  1621
1618  52
49  404
117  814
223  1424
1258  1407
1035  238
1387  1768
666  1155
1246  256
601  1669
1509  672
871  624
307  364
572  1528
29  1414
108  510
1556  1872
867  500
298  842
762  765
838  880
461  1313
1822  1927
1034  1010
1223  1863
1764  348
1460  1128
1379  712
1405  459
1858  914
1926  982
1054  1074
1271  1701
850  1457
873  1686
1053  1577
566  656
1763  1468
1639  253
1423  1389
1257  91
1625  489
41  1849
1238  686
1302  643
1497  1897
461  201
808  44
1561  1379
233  1240
993  434
356  144
1405  1184
625  102
485  1840
340  525
1859  106
695  1957
1649  1302
620  1508
972  978
230  1923
117  1956
902  136
1572  364
1583  112
1021  1992
153  139
1462  680
1805  1400
978  941
1032  182
434  1117
192  1796
584  1975
1484  226
1804  1772
272  1631
1530  1287
1771  1913
876  1571
1384  866
527  51
998  52
114  1819
272  1535
1916  1357
639  1576
716  944
248  817
359  1911
1995  1151
174  711
959  1717
334  841
1040  1718
1335  178
471  1944
1904  1798
1373  717
1998  1613
1043  1759
1311  242
1393  1702
462  367
1003  259
1259  339
584  1361
34  582
1061  1228
99  341
404  1421
103  656
1295  345
304  1677
171  1494
810  1063
1942  225
550  1471
172  701
855  1742
1666  1864
1989  119
30  518
1472  367
1188  1419
1901  393
1356  1153
1800  289
1205  983
745  1287
624  156
1996  569
529  1471
29  752
488  316
156  837
1721  1583
621  257
32  1844
1605  472
862  1708
819  28
1389  1729
1314  1308
1319  327
1428  1885
177  732
1363  682
1610  1280
1332  1574
1658  1834
1279  1505
159  839
1036  668
1504  1860
34  593
1423  1198
1582  660
870  203
1482  1184
1200  1591
363  1360
1879  1614
799  1051
876  1374
962  839
1173  1220
1279  105
560  954
1829  1191
1687  1881
1619  580
920  1552
1985  899
1310  1491
1369  1895
1643  276
885  119
1519  972
1445  1648
1116  1388
958  1665
1265  1727
102  1148
1358  1927
142  1911
335  1447
792  1925
172  161
730  649
1820  682
58  898
1811  973
1386  1028
1365  1218
332  1004
335  844
490  1784
851  778
737  1386
1699  1184
766  1388
450  77
578  1740
1240  203
171  1964
362  103
375  981
292  401
120  1231
1776  139
1064  1662
1799  1917
780  641
1259  457
1639  144
1343  362
716  99
1282  1847
1865  917
419  323
1405  529
1245  1273
324  260
1959  651
644  700
1011  417
1078  383
977  644
142  525
717  220
1893  478
720  1839
1152  199
152  1942
777  900
791  217
1913  1196
990  1074
215  1887
868  807
1638  1928
1783  1020
881  1723
785  1112
776  630
175  1877
324  296
1189  669
1553  1243
656  1970
1595  1662
1415  1790
1685  1538
1318  1832
208  590
1869  1294
576  1665
389  1124
410  1927
1610  271
242  660
564  1326
414  118
804  647
307  1484
181  868
257  299
671  79
99  846
355  1220
1717  743
1757  1809
1035  1237
713  332
1785  1297
6  1368
205  104
180  1706
578  106
253  1004
49  773
1692  578
360  1182
1445  913
1112  1672
26  494
429  210
1396  146
674  908
923  59
570  400
1382  385
875  786
1694  1401
1958  1642
1955  287
1635  188
698  1260
1928  1132
861  853
777  638
111  1700
1919  1696
1145  1407
1724  1678
46  1832
473  1275
435  651
1900  1847
756  1718
1478  101
705  182
1484  359
261  1346
1543  276
1055  1867
495  1354
1379  690
1599  1326
863  1789
178  1368
378  491
1821  1316
495  1150
755  1554
928  1159
62  777
80  63
916  1290
1170  247
1268  1900
467  1968
146  1111
684  1302
549  1716
1234  737
1592  216
