1000
1265  515
686  1911
1060  68
1159  1657
542  230
981  973
1925  1865
1516  957
1071  1796
104  76
844  433
1376  340
930  177
1206  768
982  506
1237  1536
1528  394
1781  268
1203  1308
1083  1668
1416  264
1719  982
1361  956
1931  1104
1440  1154
241  1069
1170  1427
1255  525
367  943
241  1734
1642  178
27  1785
453  1347
1012  1747
635  1207
1172  1048
609  709
1430  880
1360  1803
664  1100
1329  1688
1710  431
1636  85
788  1211
1172  1594
1860  1678
1901  857
1718  568
1093  1964
235  952
1512  698
1270  1728
621  653
1210  973
214  578
1843  45
1052  1227
1041  215
486  1256
584  385
235  975
1747  1546
1094  1769
222  1489
1122  1637
1359  607
1421  463
1016  1138
273  397
39  893
1161  1619
1415  298
1385  710
1319  1617
404  1049
321  461
686  477
173  1360
1588  68
620  595
730  23
1213  1313
441  1164
1936  87
1452  969
1881  745
1040  1886
1290  157
1539  196
1441  1664
1231  830
1129  1575
593  1685
5  1610
1790  581
1310  1582
910  652
1896  1037
66  383
1237  783
1120  1581
308  894
1600  619
1560  1554
1114  527
1780  1577
756  1498
1566  1558
1666  351
200  516
1618  1457
1872  1524
832  564
1160  611
1382  1579
1777  1358
681  421
822  1237
908  506
1957  276
458  1312
662  723
1421  1554
535  1051
573  909
1815  7
1417  1197
1436  1249
1152  1445
1243  136
1550  15
838  1275
1957  1924
1303  1144
166  1822
1883  577
1661  891
1195  1917
185  1360
1479  1133
626  1482
1261  51
426  164
1613  1819
1076  1007
1703  504
566  9
133  1459
734  91
1738  598
830  945
412  1638
1356  1390
606  1662
1262  741
963  1673
1911  1527
1214  735
1425  396
1592  1035
1319  797
508  670
357  1177
1276  581
346  1866
1097  1587
1276  1989
1239  1965
746  1380
1169  968
1112  1957
1283  1176
358  395
377  1937
1242  1667
1642  1468
358  1727
1381  1897
1322  1327
324  343
1497  188
1468  553
1805  1085
703  323
628  1416
189  1537
519  330
824  1016
239  1318
764  953
635  1347
371  1588
1000  1523
112  1426
929  1120
413  356
1312  1919
197  1516
1963  741
821  708
337  84
1369  531
1222  1649
161  1313
1643  792
471  1189
862  1763
1040  707
1814  153
748  1024
1261  987
1247  1069
847  441
705  251
1920  443
1146  1467
641  11
1116  1384
657  135
1563  144
1207  1273
1531  1675
756  157
1209  921
725  1385
351  964
616  1837
260  800
126  729
1067  1518
113  303
1180  543
1931  1095
1017  1127
245  1900
391  1114
140  517
233  1294
1850  929
1548  1325
1732  1789
760  331
1239  605
280  1060
500  1229
1227  1397
664  837
184  1738
1912  1151
951  1787
965  405
890  1906
263  250
1753  1662
1231  1199
583  1780
669  124
925  439
1832  1015
1145  1345
1427  236
862  596
1498  254
1728  844
110  284
216  412
1359  1917
1354  935
1474  764
1420  947
1843  1699
883  1824
849  1401
830  1378
193  758
672  1781
557  1751
1391  593
48  902
932  1402
143  224
1909  1750
1258  1140
1042  534
1300  1806
1087  1605
1058  1365
1411  1873
1922  1829
1920  1964
723  1680
1286  980
611  1921
246  424
237  1393
1864  811
1366  1000
1393  155
283  1311
605  811
603  76
1049  726
1943  1737
311  627
1460  882
1343  215
1796  280
915  1920
44  40
316  117
366  639
486  929
931  457
665  350
561  1765
285  550
557  1179
682  1005
1701  1471
1513  1594
1487  1587
1997  1781
63  970
1085  1827
24  1433
1385  126
261  1711
947  1020
1833  97
401  1886
1707  1278
328  1488
1668  785
456  260
988  105
1612  1862
1274  312
1064  1637
429  204
979  624
990  1934
725  790
1552  413
1026  1458
737  974
1624  620
845  1640
1727  217
721  1526
1563  200
1390  613
1109  1390
1697  1764
130  1056
1447  931
279  1959
714  916
368  213
1890  783
135  1995
720  1675
173  1418
915  1350
685  1955
1228  614
1640  1111
1835  1302
1758  1188
1306  1801
711  500
593  921
660  1564
1189  1312
1491  516
975  136
419  926
316  1475
893  1362
815  1446
671  863
237  1180
393  1690
378  234
918  318
956  571
1780  707
1391  1580
588  1536
515  1972
1704  1944
1105  1666
1445  1148
174  1472
876  1753
1649  534
742  1640
431  448
1348  1128
1148  373
1090  1417
1651  1142
1854  1434
1228  1887
1633  954
1162  805
432  1603
812  1644
1158  953
1518  1783
354  1043
701  1200
720  189
1842  1470
1052  409
934  565
162  1276
1416  458
388  539
370  1633
1221  1532
1693  1840
1036  204
607  774
1767  1868
787  959
1376  1906
212  1591
677  572
1965  313
1491  1428
1283  802
530  297
231  475
1914  1291
341  1987
905  1326
358  1675
1160  1333
108  1378
661  621
1520  1990
1109  1424
122  1165
1350  65
1454  378
981  1457
1949  1763
935  627
1190  1926
1968  1675
643  1297
116  33
786  1706
1854  1209
442  1396
647  708
1250  1614
176  1279
284  1521
29  712
25  1986
961  1074
1382  1513
411  442
354  1437
1400  660
1639  1519
76  540
121  1030
379  1392
1001  1868
351  1706
584  215
1743  1633
552  536
1180  650
1755  768
1891  989
1136  1766
633  1366
1195  1414
516  1411
17  1869
3  1763
1833  1780
910  231
651  755
335  396
1382  164
167  1132
47  894
826  383
386  1723
1674  498
133  455
21  538
850  91
905  1421
1326  758
1721  933
1805  99
1479  711
1542  985
411  1303
1599  438
1061  1365
829  1133
666  985
1673  298
1339  474
774  1183
1743  1358
495  1167
448  634
713  733
371  339
1073  1887
455  1307
685  644
1987  301
770  216
1809  1256
1342  220
1419  928
1075  1449
1702  955
1095  1091
1595  820
148  730
1729  1406
512  616
912  166
1273  1935
36  1769
143  1596
1086  700
132  1689
62  1087
1577  765
1348  146
189  1345
672  1285
537  1579
852  620
1297  426
645  173
1481  646
766  1190
1857  277
1557  559
1205  1967
1266  1294
713  1251
368  477
806  1385
1135  699
1849  839
127  1019
517  1886
71  1285
1970  505
1118  288
1055  1416
1218  449
326  835
496  957
223  1997
1166  1480
263  1219
1883  1003
1859  1188
674  653
727  982
240  1409
1131  200
871  5
1206  1402
1497  1689
1633  1998
1666  1034
1241  759
1513  846
1742  103
694  387
857  629
907  1956
1545  457
1347  260
112  1097
1996  1970
1231  969
214  130
1666  1460
1  345
1967  397
777  903
446  726
1838  892
80  1902
1907  1793
278  545
1100  1763
733  1590
1254  1611
715  529
1736  1471
1635  1696
1226  1796
496  943
79  1374
1173  1839
101  559
167  1415
1665  1456
1394  1097
376  1459
1119  240
650  632
639  1599
538  945
630  773
1264  1716
352  887
417  610
320  1218
210  439
809  1204
290  1344
1327  4
1858  814
1848  1642
1582  656
276  1855
631  1212
1603  1306
1267  395
857  801
1611  829
1476  1762
596  366
153  1497
1911  1773
1864  1200
1879  884
1900  1445
1188  1380
60  1359
352  965
231  582
854  1994
1258  531
1143  164
891  1377
623  1851
1481  1013
991  455
852  305
1561  804
1854  712
173  454
630  482
705  599
1058  1285
1681  1803
1101  259
87  1767
786  1957
618  213
783  1500
887  1005
431  81
502  1124
825  367
1997  1324
620  1528
1022  86
1211  204
732  1575
1617  1037
1370  505
1905  1185
190  1799
110  408
976  175
431  1312
139  156
910  689
536  1568
1420  656
1739  1437
1242  1283
726  1809
1567  1740
177  1369
604  156
584  473
151  205
555  1525
258  786
1333  678
1107  1895
1109  571
1312  673
1708  551
1680  240
1935  589
1028  74
1714  1043
1500  1816
1521  1468
1556  1359
763  46
942  1056
592  217
132  1888
1439  943
1202  1579
1140  1904
726  401
1256  520
170  1475
65  612
281  867
628  1293
1519  1440
568  1797
1896  1293
54  1435
1133  1135
1629  1885
1038  781
832  1146
1302  240
314  1811
1189  1122
41  607
1394  1259
1499  1139
676  1627
836  1461
508  606
765  556
1816  1423
1403  390
360  295
1876  91
137  1694
837  1240
22  503
274  1707
1156  615
881  204
1641  1406
1218  1186
773  1805
1372  1338
1781  1721
453  1368
1641  1639
184  1294
170  1824
285  862
1750  675
1010  1533
569  932
1965  420
768  1927
859  216
1259  1066
1961  936
720  482
840  7
1543  760
967  692
1819  816
1790  1555
1014  553
816  393
986  1952
550  966
1361  808
559  864
1889  1475
1340  1259
1520  228
575  1906
1575  710
433  702
1322  1013
1522  625
536  259
1584  948
1904  1434
326  1052
782  813
1724  1961
1975  1936
87  1542
843  469
1504  1132
1384  92
550  726
118  1091
542  585
1532  1355
1034  451
1887  1025
841  1043
980  1289
1325  392
1806  346
477  1909
1525  515
2000  1631
1542  45
1954  550
67  1541
618  1805
716  1548
199  1984
1653  892
456  1048
633  1681
1280  71
121  1108
1660  568
6  825
468  1741
1856  897
832  1091
515  1951
1037  247
1571  472
52  1252
1303  611
1511  1240
393  1605
833  1164
642  858
933  716
1385  1525
1647  1725
122  1892
1943  710
1090  780
1045  405
1246  290
1284  1
1863  189
1614  98
1387  832
1949  1201
225  794
1628  1637
972  1574
1133  86
202  912
1768  1711
1855  45
1307  1953
203  1394
1159  398
1959  427
1007  934
1224  1888
1905  616
332  1776
1619  1913
312  1073
719  1678
358  1257
1406  179
244  609
1760  1161
419  167
175  1045
1550  1719
963  142
1834  417
1738  1079
1278  1816
934  61
1296  835
1318  1194
1598  1481
397  609
1819  315
1013  1224
996  452
1149  768
875  1532
1170  653
1230  368
1872  701
1499  1814
674  1854
1594  1981
1211  523
1060  272
65  1085
421  868
1163  313
508  1998
1528  1434
854  1853
1584  778
998  488
473  730
758  317
1375  318
452  1051
1659  1919
1082  1089
455  1412
921  1474
1274  1032
308  1101
675  1409
1768  1285
1266  1927
123  953
1360  1828
1051  1238
1281  271
860  1378
329  1142
1835  1269
216  67
1277  472
566  772
12  1446
705  1655
1420  1904
1735  1094
796  1334
1235  1319
634  1322
1181  1400
1940  905
1151  360
1643  312
892  1509
820  463
63  1887
990  626
262  1980
767  323
16  1763
339  744
266  178
1484  853
988  357
1155  1321
268  401
1881  1597
187  706
112  105
516  891
1575  1110
1188  217
17  392
1363  486
1731  121
1617  1241
362  1312
195  1085
324  1728
593  1423
1625  1229
1677  735
1948  621
299  365
1700  1867
1097  606
1528  1095
1158  1666
203  369
1096  1056
786  909
1616  891
1290  331
676  884
1922  348
498  143
1223  288
93  677
55  1228
1996  1595
1728  1113
1570  1490
1549  475
1636  418
602  315
1051  1490
1299  680
399  107
829  164
1221  1132
1203  1333
791  1413
