10000
1186  26
1860  1407
1138  1735
572  926
486  1121
628  1109
1612  913
502  633
357  1805
43  1737
1540  726
1453  1945
1626  1082
1921  64
767  1114
1149  167
912  175
1252  867
1070  611
190  1910
1973  1322
1827  523
1075  1445
1878  1587
1280  449
1030  210
559  1693
606  640
1968  1782
27  1396
1065  1761
1620  1435
1078  413
1976  1322
598  268
431  1689
1606  304
89  290
398  1595
1315  1395
711  920
1555  18
449  1411
379  1799
1191  1336
1943  520
689  799
816  1882
132  208
823  566
1534  1994
306  1060
1840  1285
1490  1539
919  1529
1814  1594
1374  1987
1662  793
1817  1901
1219  1471
242  1397
342  1730
1735  1004
1167  423
491  1226
696  1328
1331  1449
1248  1396
463  860
1665  1972
1508  1091
715  1679
1954  1133
1193  1492
552  1804
867  912
1191  750
396  785
727  4
1390  635
351  1975
192  1502
762  714
1469  913
832  763
650  1758
1477  286
908  1513
272  1158
1817  201
1837  273
1996  1235
224  440
475  323
1479  567
620  815
1845  916
1211  1607
1403  381
396  1158
1944  446
0  460
975  775
138  1431
904  756
1870  249
1007  386
993  1634
982  1084
1706  1064
272  556
1291  1516
128  889
1485  652
1279  1919
1422  622
1793  716
1187  1895
824  883
1830  631
336  1212
1571  1597
1799  1443
1436  489
1665  3
646  1285
144  471
411  821
898  31
1565  868
824  913
427  1436
1998  377
1041  1235
1417  378
1022  1983
1117  1148
1885  1210
1997  1503
1517  1371
51  621
592  1735
662  906
1207  1816
965  609
742  1282
521  519
1327  1742
1975  1609
1415  1961
1824  478
740  42
1098  921
1908  381
1416  1005
147  488
442  1414
152  1729
1552  1654
1285  268
370  1925
1656  461
1052  455
1327  1755
1002  1181
1845  82
1776  519
715  216
1228  497
108  1418
1958  1243
183  364
1935  147
1267  1429
1453  392
1344  572
1128  279
1161  1506
796  1904
476  475
1235  365
659  854
1226  8
1943  51
471  936
215  1679
1685  690
609  1711
792  1155
1697  1298
1863  62
1558  822
1004  53
162  734
1052  1128
685  1382
1803  402
982  1758
1274  1976
1195  1520
1655  562
589  1275
270  707
1471  1134
54  265
756  291
1539  198
344  618
1286  880
1059  229
918  976
1937  946
1005  348
1524  349
69  733
1346  422
919  587
1181  434
10  942
219  1277
1483  1259
289  1271
1322  1535
1912  1078
506  1476
1809  108
185  49
776  192
1519  1884
1842  142
1138  1318
37  1415
113  1362
738  646
1786  1839
575  1476
1230  1418
1828  1734
1229  1194
1006  10
1897  1486
560  1590
607  1347
827  1925
1290  486
1943  1387
1229  33
121  457
1891  1250
194  946
792  1598
645  876
1364  1412
1221  1594
1153  312
942  1436
279  582
1301  778
1666  606
1342  868
184  641
1057  1956
247  507
456  1331
1950  1423
395  410
711  323
1594  612
1280  585
1934  439
1456  152
1417  1679
432  1449
1641  1562
552  187
864  568
954  395
318  1885
1165  520
1958  1203
1026  1047
1425  21
1873  1814
1084  793
1595  699
1361  618
533  385
1820  686
1687  1949
1177  377
400  634
1064  92
699  1373
596  454
1078  1252
1516  534
621  411
42  820
1730  688
684  928
852  1669
606  937
382  382
1040  1808
860  1228
895  341
1614  1866
1704  1443
1993  1448
119  1585
1329  449
943  561
948  420
1286  963
697  787
25  739
1103  925
340  1368
1742  777
167  1213
1210  1925
1346  1182
786  1414
1768  266
439  1173
1709  481
1631  1506
1384  1739
1633  138
138  1562
260  1792
259  1033
1754  969
985  970
280  718
1972  1504
383  250
1040  1235
200  515
856  499
1676  901
560  495
1905  1838
1977  1253
1448  1424
718  481
548  1415
1782  1104
1315  1198
641  1362
1856  88
3  1895
1112  225
1339  158
963  1214
1299  1473
1119  1151
569  120
1359  1686
667  599
550  1814
1957  1197
1954  306
1102  185
1681  633
669  1836
428  351
313  986
418  1501
1157  1381
477  162
95  1358
1204  326
1210  1060
1652  1969
1538  830
1552  1261
304  147
1086  243
1556  1696
507  820
1224  144
1097  1950
609  1500
1776  1569
1261  1421
916  945
270  1677
1420  889
55  615
1732  1577
1000  1152
108  1528
1716  396
952  1410
1688  666
1502  1340
1224  1195
1510  1108
1999  173
1313  42
980  60
1904  1450
1547  246
1881  1787
1884  490
1983  1336
1134  2
1386  1230
431  2
1112  1158
1353  1842
1639  1196
995  1187
1121  634
853  551
31  1804
1257  887
1115  1964
1005  1976
1766  1523
391  578
1656  1520
1967  295
271  1258
1107  98
1054  1722
2000  548
719  873
1971  818
959  1286
1742  153
919  1206
117  1856
272  1080
91  979
1779  1539
967  1737
1057  311
1244  1302
277  2000
904  661
521  56
649  320
663  184
676  274
652  15
510  696
1744  126
451  1347
1284  1944
492  791
1267  1193
1532  1619
448  1194
493  548
585  1307
826  1666
563  1751
1305  1094
1796  276
911  329
1126  794
725  170
1781  1044
888  391
1050  1595
250  847
1263  1720
124  929
830  1430
750  984
1042  373
1818  772
717  1800
681  409
1596  676
1489  1468
1040  891
1144  1098
612  1801
253  1620
1898  1708
338  363
1718  1533
501  252
839  1734
570  1630
594  588
43  748
1148  1435
612  1589
938  392
1345  859
247  1209
388  984
372  182
641  1743
1258  623
915  1045
1444  243
1926  970
675  89
822  536
955  1121
873  1383
1303  1099
1708  118
1566  998
1014  1095
1469  1640
878  169
1515  147
1546  1681
0  1936
1768  1021
1293  1930
1491  1283
506  439
881  1969
668  596
171  1323
981  1984
676  503
1481  1243
1731  1346
1418  90
1872  1803
882  1903
1001  1074
506  1166
288  744
1187  1473
41  622
529  1437
1432  689
1358  51
1930  813
477  1096
1784  368
955  64
1238  1222
17  1140
398  702
1637  336
338  803
1101  846
235  1536
434  570
1424  826
1918  802
699  1838
1425  1372
179  931
1431  272
606  1446
750  204
1906  480
860  466
775  161
1589  1966
1072  1859
958  589
1773  891
760  628
1376  1462
492  204
821  956
1036  1542
1577  1452
1797  1169
438  1589
1007  1977
1292  750
1389  1020
1738  389
759  238
1474  74
1256  1121
1868  340
1133  278
844  1158
910  1287
891  975
1646  1504
1670  1192
1698  774
554  1139
1064  1068
0  1648
894  1008
1356  335
452  1227
82  1838
246  1019
273  152
1600  397
1184  212
945  1100
967  1325
902  1998
986  1716
342  891
424  1716
1954  383
1152  1358
249  1322
88  735
1336  1172
454  656
959  1382
791  179
14  680
591  571
505  445
1342  360
1905  489
1175  748
844  493
1459  472
1609  1984
662  1733
654  1499
39  1347
537  794
1795  1386
157  531
1888  1625
1156  529
192  1407
1816  1416
949  1975
1263  1139
886  716
1688  1270
316  290
799  1519
869  918
1745  1492
481  1906
1271  1499
215  1733
530  447
858  1300
658  909
1614  521
299  914
118  1338
312  1553
1277  147
1195  1485
1582  970
1769  392
536  1969
88  14
410  1680
245  1320
14  1894
1615  1303
1938  715
1864  79
1114  1953
1141  1410
793  459
175  114
470  810
1225  1044
347  845
238  1540
699  1995
509  1476
214  763
1602  1665
585  72
1504  1864
701  75
1940  897
1800  1794
1582  1166
1578  1550
1901  1833
1916  1403
732  1353
1368  396
1524  1001
1725  262
339  1270
1556  241
1002  1304
1914  1092
262  362
276  714
1852  751
29  1394
899  1227
1756  1841
1757  1896
1674  1817
154  1917
1354  571
370  193
1167  1586
496  1241
792  1853
1300  294
442  324
72  1102
1232  897
1938  1320
649  1077
1054  517
343  1936
616  1163
1137  1387
835  1968
850  1761
1024  1429
1668  1334
860  1023
1253  1648
1706  678
311  135
1118  785
361  1619
1806  370
949  284
1833  482
837  322
330  1082
82  771
161  1211
1942  1258
1279  80
10  141
1028  1620
285  1489
1174  1958
436  451
881  1973
956  45
127  597
829  3
594  1073
1130  1488
625  1608
1135  723
1761  1131
1435  867
847  1886
557  1630
1479  234
230  1698
1285  1779
21  891
1454  1569
1057  1502
1942  1559
1952  1542
172  1987
1045  1164
284  97
1337  1945
1752  1984
791  1161
225  693
787  318
757  977
1449  304
80  1179
1430  1115
1455  697
734  1792
1261  347
1657  564
354  624
1316  957
1612  731
1180  53
1551  326
577  1115
218  891
1539  1342
1598  1612
1131  1595
1687  738
1124  742
668  1632
555  1879
1317  1210
1907  1476
987  722
455  262
1066  862
626  1099
732  588
332  1068
270  119
1067  1945
709  260
7  1617
190  641
107  95
1776  365
1362  1311
1598  441
409  1605
537  518
264  1305
1295  197
406  302
1815  1347
996  1313
1943  858
1144  308
251  1306
115  1400
443  13
1740  1825
1645  543
90  1362
1080  1614
377  1463
106  236
1021  1530
815  602
257  940
1933  1072
1072  1888
264  1150
1242  875
1117  205
735  703
173  732
1183  662
934  323
821  1892
1056  652
75  386
1644  1606
1929  76
1982  1489
175  148
835  1357
244  1434
530  1722
981  1944
1710  912
1972  748
1270  747
949  151
261  1499
1148  487
575  1312
866  1851
1250  311
504  1336
564  1875
1964  662
1248  691
1361  269
93  1870
732  474
976  1132
358  1481
1143  1202
1550  1158
1227  1287
410  459
1535  1514
579  996
530  1975
1719  1009
1463  493
1618  1452
141  777
247  725
1128  1026
1875  1725
1116  898
876  1518
481  623
613  1622
449  1206
1905  321
361  1233
466  933
1043  1840
1815  1152
194  491
1382  392
1977  338
1927  171
624  1478
757  1806
1708  1227
1310  742
1722  1426
972  1592
565  1429
351  1201
1842  1298
1187  1418
1441  102
1696  345
473  1257
796  849
34  1582
1117  1096
1410  509
1785  901
840  1608
1629  1376
164  1649
1704  797
1496  1246
782  1093
647  1404
444  242
1447  860
1366  8
935  759
1391  507
709  21
159  6
1365  1292
1321  1741
673  1900
145  933
1198  1012
1729  1769
1346  1603
255  1796
1415  568
1656  1751
850  1621
1717  432
1569  1650
1619  799
528  884
639  1057
1279  1081
1718  581
641  310
1476  232
763  1586
445  453
296  1642
585  1079
93  117
484  855
1376  632
1866  1689
404  1875
1926  1390
1624  1787
1831  204
1764  1573
460  617
1733  298
1398  551
694  711
1135  118
679  1616
795  1248
1135  1485
884  1209
1090  29
374  1855
1672  354
1271  1785
1143  450
637  794
1610  732
483  1409
539  829
1609  987
453  1165
346  505
131  681
1808  1853
836  1938
1215  1059
742  864
525  462
886  1557
1903  1559
977  341
809  964
1627  1579
1835  1406
1331  1426
72  11
1769  845
368  224
1545  131
1184  1885
1843  1647
39  1915
363  133
1678  230
372  273
106  391
163  1521
1297  1882
1997  1067
1994  8
437  1553
67  358
1187  1071
1787  681
876  710
1848  1218
295  1866
406  698
1450  110
985  232
1817  1373
559  1542
668  1275
778  735
1373  1918
1513  996
408  519
1542  868
1661  418
85  1729
191  557
1491  748
1873  4
1721  1867
1434  1131
1573  884
1869  726
794  1468
1469  503
178  996
1438  1863
783  1356
699  1795
371  1231
297  1758
912  207
514  1879
1930  947
170  433
1148  1496
918  478
400  1978
77  1842
918  254
286  1185
108  903
1398  132
872  744
1103  668
1248  1151
1871  304
622  489
463  49
751  1434
1071  996
408  172
465  962
1754  1829
1460  1598
1396  993
12  392
336  1262
1109  793
977  1102
1750  871
565  1778
941  1982
1042  1890
442  1991
765  218
1630  110
999  881
1385  1153
1250  712
1088  729
110  724
619  1533
311  1201
1176  151
1932  1323
245  1153
810  1474
161  1233
927  1919
602  1361
1980  486
855  1923
676  1136
236  1191
1304  942
376  1112
163  40
765  1334
756  562
1435  1705
774  1354
335  728
1408  939
1945  1048
1237  1331
711  37
623  1074
931  1451
1602  1311
46  1438
965  851
601  234
1056  759
1387  964
1360  1390
702  1383
131  1208
1576  248
185  427
1213  814
526  694
1953  1928
622  1907
1124  555
461  359
1981  1239
1676  1927
1304  1905
1146  168
1595  1599
724  1656
197  1317
512  232
865  1370
1384  1667
367  1389
737  1340
1517  515
1930  985
1877  1170
1860  687
1100  1463
865  59
1142  1230
1783  1896
397  577
1387  107
174  1061
1891  111
559  1612
1054  1785
82  1160
751  1512
1390  1491
1285  1622
1482  1510
1731  1940
1085  1192
1730  793
1502  1044
1466  122
1290  1728
1571  1187
1492  311
1029  709
1263  599
503  312
189  616
1768  1440
734  1210
1526  1840
606  1267
185  984
212  1995
194  748
916  1542
1090  606
1209  1684
109  1588
433  531
1721  587
1984  107
1406  1414
114  1728
344  95
1095  1080
214  1452
578  1118
1077  1847
1217  203
665  1443
1854  186
727  769
914  1956
1247  606
1009  674
56  667
211  1863
1531  1216
1707  1143
1947  1086
1542  1380
836  1159
1882  1981
648  404
898  795
310  1340
1333  103
1299  66
202  1010
614  1776
702  152
1779  1422
1508  62
106  1498
1855  1641
1658  1875
1411  1054
1457  967
921  40
1184  49
1777  142
1762  406
213  1734
361  1629
385  1342
250  393
1963  964
1514  108
1864  1038
1187  164
1927  1795
1984  1768
1535  701
1430  372
1542  699
1216  1931
1739  1907
1498  529
1636  1532
1524  1792
652  827
608  447
894  1482
732  840
59  1865
1491  600
1404  1819
663  1783
1176  1528
624  1886
1053  605
944  158
435  1674
351  1083
1669  343
1713  349
1290  1246
1276  1113
1531  907
418  228
1978  1782
1029  852
549  1279
1129  71
1564  731
86  414
1995  556
1864  54
1100  1181
1832  1599
586  710
329  1456
580  1000
761  1174
1558  807
274  606
1944  96
1913  571
1918  266
242  639
1337  1010
770  1703
1928  22
660  662
1663  1790
450  1468
1728  79
1265  1010
1454  1976
304  682
519  28
252  137
457  1649
168  153
407  1068
544  97
1376  1959
76  1836
526  1059
984  177
667  100
918  1543
303  1823
1543  661
111  422
1540  947
88  614
19  1184
124  1128
1760  423
1036  864
1079  739
999  703
1671  23
492  1894
121  625
1819  544
1837  8
603  1392
1743  1457
322  562
1699  56
1528  1644
1756  748
1812  1829
242  22
1421  892
1617  276
1412  1436
1655  1323
1453  1040
1889  1488
1118  1074
1676  119
313  1469
313  1576
1783  122
1809  651
1997  1031
310  284
316  466
272  1631
1563  1928
1313  369
1736  986
1552  1974
650  1392
422  974
1690  252
1169  1386
258  932
471  1972
1234  1251
1546  1444
261  604
1202  1439
563  451
1697  740
1762  475
1519  1948
658  437
1538  755
89  1796
1779  521
480  709
1848  1679
1242  1801
497  18
898  1119
659  1520
1807  136
78  244
426  834
1574  1610
915  1854
338  1104
740  249
1705  1384
160  72
1277  1130
809  1670
241  1230
410  1640
1677  1068
1797  600
753  416
854  593
1823  1987
1370  426
1774  1158
1400  1883
1303  918
416  1834
1926  1155
821  689
641  1472
1546  1448
579  1214
1519  456
1912  466
1653  1182
197  1406
294  1807
168  822
19  156
1239  1593
1367  954
154  1208
1573  532
1768  995
458  948
342  1326
1178  1024
1479  1680
1445  1014
738  30
1278  634
1448  829
1208  1201
175  1964
552  917
35  690
375  624
861  445
1700  1798
1162  1905
1397  1400
1398  1572
421  1149
945  121
1627  64
1760  1511
92  1113
266  781
749  107
1951  1333
1000  385
552  610
1755  227
1166  1378
1445  490
600  809
983  812
163  1911
1083  701
927  101
798  895
7  531
518  394
1887  1363
238  53
1835  31
815  1783
585  844
1578  1683
430  877
1877  668
1471  1725
687  1091
555  156
832  1430
1411  1313
745  556
306  57
358  1725
419  1648
1749  513
1886  1653
558  1077
248  979
405  1855
1644  548
1335  465
567  1442
1050  908
527  1947
635  1239
1530  810
359  448
933  694
1880  1767
1254  769
383  636
314  393
324  1701
878  686
1527  99
1829  1925
1853  1049
45  1526
656  1423
1359  1937
86  1696
1905  916
1590  1875
1231  831
1058  735
152  1928
1472  1095
1705  322
693  1941
391  1081
631  1558
828  433
1169  747
1176  93
743  261
711  676
1925  1787
1015  1441
1634  1714
116  1032
340  83
489  131
298  376
1034  1747
1260  991
1959  796
941  293
806  420
1751  680
667  1551
0  1523
1839  1989
1015  457
1885  1245
1763  86
1506  212
1870  119
715  913
1716  1509
1743  1830
1822  1529
404  586
1030  975
130  1604
1524  1055
481  59
867  670
600  816
1786  369
797  1087
44  1649
1034  701
1976  1278
1226  876
255  1338
549  880
1011  463
919  613
547  1235
104  1798
117  653
1622  1809
521  86
970  1833
1059  208
1220  289
1097  1704
449  355
1161  1665
1577  167
1903  1353
776  562
537  1336
1145  513
1758  1420
1393  70
1387  1932
1631  564
435  701
256  1565
1338  1269
938  510
532  1977
633  717
1602  864
713  102
1117  1879
1814  1361
1158  1430
642  91
132  398
513  30
58  700
798  757
241  1730
1253  1042
1045  1972
669  475
1662  279
2000  995
1014  639
289  1416
1057  483
577  760
1166  586
1362  673
636  322
1541  1616
415  311
1215  110
1508  1159
1107  366
1838  1740
517  501
928  945
129  667
1382  27
1905  593
793  1139
954  1681
1675  1554
493  1630
1231  1232
1538  1632
268  1943
175  293
1784  1737
1949  21
1714  1335
474  1509
824  72
1595  152
1220  1719
656  166
1845  646
1303  608
383  875
1870  1208
811  1830
916  562
77  1622
694  900
1944  1313
309  1742
1665  135
1338  1992
749  277
789  255
608  1886
427  859
940  1095
1213  1896
1094  1386
1398  557
631  1353
974  783
847  1542
1660  678
839  1780
404  167
224  1255
325  1041
0  1666
1790  162
1044  1438
534  1295
413  1253
1225  268
215  517
134  1389
1583  1577
787  397
1111  295
238  851
770  1996
1564  1478
1323  1007
444  1820
1346  1674
1660  797
1053  1972
1646  208
123  1630
680  1118
1124  1999
925  1392
939  432
1775  922
742  1310
795  1263
70  257
874  1715
814  854
540  1290
1936  617
1664  1754
1806  402
1631  1722
1467  1843
1220  674
1122  141
839  1315
1202  1886
1563  1695
1144  532
1335  859
1773  483
706  1013
1573  1132
915  1053
992  1428
631  1424
491  1130
394  1524
617  1957
1364  1619
527  1637
628  1281
1391  483
1298  305
1751  1947
474  1341
453  1237
156  1996
1534  677
1750  1141
649  210
1419  1228
1975  34
1946  1000
1683  757
1808  1390
1866  1196
259  38
699  1226
1030  640
1857  692
1004  196
71  1360
1928  957
645  86
991  1354
941  1221
32  1734
200  1677
618  1486
1791  1832
1624  1343
899  549
1612  1778
429  1302
1159  1115
1395  282
895  1991
514  510
535  1261
1128  1861
1391  1958
751  1623
1768  1827
1522  365
969  1534
1485  1887
1504  651
1178  432
1633  280
1674  943
90  512
872  757
287  1312
216  955
622  705
833  724
566  275
482  1459
45  34
868  1070
762  251
1447  1927
1302  538
425  266
1068  106
1527  569
1385  556
1924  455
1760  1721
1551  1398
458  1379
1696  963
529  1115
560  636
1326  684
1217  1139
1103  993
960  628
1115  970
1101  405
210  1434
919  173
100  709
1166  1215
1406  1161
476  1486
1484  411
932  1026
740  1569
1250  1184
1449  1589
625  589
365  1662
1870  827
761  1583
51  1688
902  247
892  1942
152  1589
322  1128
792  666
1664  397
181  1207
1957  1106
150  1070
1464  7
1631  1415
333  552
1731  1647
1147  1110
920  104
310  973
1028  1665
998  1504
1277  1425
612  57
1217  902
1650  142
1781  65
1992  1803
750  783
1758  277
1143  533
631  159
1111  433
1425  1998
1670  999
1773  1690
212  879
1240  923
1192  222
1785  1309
1725  1398
1555  1353
1052  1583
1080  1031
840  1956
141  1060
1435  554
1767  1715
1324  877
1125  1285
984  1245
1387  898
1571  434
750  693
503  440
1410  519
687  1452
805  1122
1579  265
701  652
444  1095
1505  661
734  1312
51  1653
566  155
906  1585
363  1739
94  242
706  1205
1702  65
1651  1108
136  368
465  1301
630  935
364  1759
76  1851
1501  1445
894  650
1691  1020
1197  683
1136  1474
1717  1462
357  513
1695  1935
1056  167
938  438
395  1402
1272  894
11  455
1555  1496
1364  1326
25  900
1223  751
700  660
1633  466
1051  896
1699  1367
1242  1270
1827  846
1135  1140
1192  941
949  1225
1175  246
822  742
1485  452
1663  1736
230  1340
221  1219
1607  506
833  229
1758  1364
1487  416
1670  173
616  637
861  1743
685  997
924  1735
447  227
576  1565
61  1526
1592  1661
994  920
1224  1834
1191  419
1562  244
573  12
616  126
516  235
568  1280
298  1442
234  725
673  1326
1278  597
1048  1522
326  1079
895  1447
1552  163
1531  148
243  439
474  909
7  58
893  423
1585  1173
455  329
43  216
88  1278
1901  801
1415  1814
598  1052
1133  520
1636  1870
1043  1411
331  772
979  150
1009  164
1092  358
67  22
1675  1641
583  1161
134  474
245  627
328  95
527  1099
1224  1984
396  1189
1097  1739
2  1268
229  4
577  530
435  1755
332  672
1851  1833
650  1989
1151  246
1314  1609
872  785
339  1006
642  152
1325  1640
967  1024
192  1761
1495  1075
1846  1901
1473  1203
1027  1105
1328  1957
1783  1
695  1932
1911  896
832  1259
1523  1911
1885  375
1850  1360
659  1768
734  1328
207  922
319  324
1189  1859
1595  436
198  393
1295  1880
1735  1067
584  1320
1099  1921
1499  1744
1921  1778
1748  1518
1416  1983
1664  1582
1723  1505
133  1287
942  1590
444  1777
764  1062
1491  666
1106  1001
1276  1763
1079  1854
44  1343
1942  1501
600  1760
1569  1055
406  608
1208  1090
1657  1290
1410  1860
728  1672
1744  1213
957  1217
1037  1338
686  1358
140  604
1566  1667
1262  639
155  1880
1632  1657
488  1526
970  30
1936  1996
1386  824
1107  1070
1970  1568
462  1861
252  48
968  690
439  1943
634  1092
158  1893
1507  902
532  814
1798  1761
451  1606
2000  1709
35  913
1869  1560
929  1131
470  945
176  1445
352  1710
437  988
385  1913
1031  1596
1904  1503
783  781
630  1352
964  751
466  1064
776  1844
1386  992
1335  1021
1403  2
902  1371
1479  1544
1467  1113
1281  1531
1415  1323
1399  1204
1546  1335
1262  1945
663  792
1150  1139
1690  1249
1874  965
71  780
752  949
760  354
386  758
304  785
743  1777
509  564
77  1876
676  370
878  1555
1461  1106
1754  1184
642  1585
979  802
1134  1025
317  807
1308  1013
1563  760
414  1538
96  1480
155  1410
1461  154
1658  274
1100  1706
769  543
577  1583
1888  407
664  398
1200  333
839  1858
1514  1089
1001  77
1891  572
1813  1304
1949  119
34  1545
1156  1339
407  1083
1222  1154
1999  993
1799  104
203  1012
649  1034
37  1179
106  1372
1018  1488
138  1548
393  1801
1637  514
1128  923
1426  902
1731  666
1792  319
907  881
95  711
1876  1157
209  581
592  1495
550  894
1347  1881
1037  199
1841  1602
963  451
953  147
1903  1986
1382  180
1591  904
945  1919
1587  843
27  755
1299  85
1988  736
602  529
888  1567
7  1919
571  1875
779  772
1060  112
546  222
825  478
401  229
649  1870
533  1999
1307  1253
24  445
1316  1842
1241  1228
16  1627
609  573
576  444
222  540
614  1279
426  837
477  382
748  1653
76  1876
1613  1012
1590  271
879  1697
905  741
1115  17
186  4
1667  209
624  1966
1265  362
858  1654
1331  112
1871  629
1870  1180
1957  1845
1922  975
357  1425
516  1134
1161  450
208  937
119  1152
417  952
864  1341
419  1598
1796  1664
88  741
833  1125
1645  1089
1332  1901
743  1327
633  1300
1859  926
1391  136
647  675
1324  294
853  1180
1670  429
1123  96
116  1450
303  668
29  560
1139  1079
574  1069
508  858
637  1144
1049  999
41  1961
1559  357
1391  1654
717  565
744  439
880  12
977  1340
1527  637
1270  1060
1118  883
18  733
1384  632
369  346
1153  524
1698  930
1639  1160
690  1926
1236  1712
1862  1160
643  1134
400  1447
1957  1673
637  315
1522  1867
1473  1161
1777  1716
1316  842
590  620
334  1386
961  1131
203  1224
284  1007
879  1858
1575  1682
1850  945
641  1651
261  498
226  349
259  319
1338  1074
433  1722
334  1661
221  1049
827  1317
1401  598
1193  1481
661  330
1113  435
209  1850
1980  1407
300  1552
1508  937
1230  1054
1683  1210
1646  1448
1687  612
136  797
109  1249
1796  1954
414  1924
1981  1339
1739  1580
1909  808
811  1256
902  1827
1618  1619
991  1990
1985  1275
1404  804
690  1731
1713  1346
62  361
982  1254
1946  696
1268  968
1496  1072
32  1137
1093  1804
1759  1016
456  927
1264  1085
1123  1342
1349  999
549  21
1769  1131
1400  335
1019  667
489  1060
59  1016
315  734
717  1201
51  791
1109  1542
61  693
1622  812
1173  1051
565  295
815  1313
147  958
1852  32
691  604
1484  1731
1341  1893
1270  429
1883  640
860  429
1548  87
1321  920
510  1009
1417  1243
1888  1036
83  1567
1015  716
1673  1639
1619  342
839  1698
582  1574
1762  226
827  702
1321  1461
236  1150
1951  1210
1009  944
820  653
148  1674
1535  266
651  1937
569  1867
1836  1509
97  1021
1031  174
1021  1012
24  1025
1561  480
1117  550
1231  1361
690  1940
679  208
765  1339
642  344
1738  1740
1233  1506
513  1179
960  1213
1087  205
642  81
158  1575
1047  1561
1298  1027
823  469
1751  812
1699  645
1669  1736
127  459
689  1633
1287  1572
1482  1864
1132  1580
1505  454
583  1326
351  39
1008  891
301  519
944  913
555  974
463  1529
727  332
356  749
988  1272
473  834
679  1727
974  675
569  99
1518  1496
560  1497
311  853
643  1299
31  1770
158  1520
1444  1193
1686  1827
1350  1178
138  1620
205  1718
1865  1575
859  1686
1126  230
1582  1
1363  1435
1599  1099
1835  1312
448  760
1204  768
1440  133
1500  685
944  1395
723  1602
266  1436
1369  834
1718  1290
476  323
335  1002
1035  1407
194  1743
481  450
685  66
555  971
854  584
144  246
647  1245
1277  589
586  679
159  1502
1128  1842
5  1850
1053  1991
1557  19
1084  1848
1519  460
1329  1009
1377  1416
1836  1160
72  132
1394  725
606  1845
1057  59
779  1209
1546  859
1167  768
1531  1692
810  196
952  311
1615  1719
1947  630
1895  1682
301  1105
554  498
78  536
458  789
607  145
508  809
1342  767
1223  554
1202  24
991  99
718  319
374  1187
562  1717
1251  568
1788  1404
1918  1554
402  1477
1458  798
965  1788
1431  854
87  1942
1865  90
498  37
1877  5
551  1040
1938  422
1350  1836
783  890
1586  1038
1493  1220
1170  437
648  1922
600  1793
786  1174
68  1065
1058  1393
86  855
54  226
938  1338
707  1917
533  639
586  482
967  1683
1718  1233
1010  1844
1357  705
1498  565
8  1174
855  155
1352  1575
577  412
11  468
1403  1758
166  864
1969  639
318  1555
25  56
1894  1857
1470  1591
916  248
1056  455
1253  1661
1317  494
1402  1552
1468  1250
1102  28
660  1699
1183  1100
308  1002
785  1883
1757  1032
1316  1096
1871  1396
1417  540
814  1723
1482  1159
636  1616
861  892
1466  1071
838  1738
847  1387
982  1041
371  1598
144  1839
709  451
267  724
539  1209
1118  919
317  1474
857  670
665  1226
973  1938
775  1975
1425  1489
262  842
1084  200
500  1380
1666  1958
1875  1870
365  746
1411  1329
1704  188
467  902
818  1925
362  354
1064  1938
119  1504
435  982
1467  1708
236  1719
1163  836
1375  598
35  1883
933  205
1819  1707
1457  1691
1043  487
1462  1824
1283  970
549  775
380  1234
1312  1282
867  148
533  571
1625  74
1895  1382
890  1761
274  1913
675  1564
1397  820
1137  488
359  1946
456  592
1687  800
1836  1988
1810  1307
800  1051
1173  1652
1516  1478
1540  81
631  1966
531  1220
514  871
531  1633
713  1722
119  718
682  833
1470  1691
1127  1139
1243  960
1420  378
693  277
950  1318
891  1085
863  1233
1343  1244
236  1616
908  356
1150  1080
78  1910
465  1705
1223  1894
387  853
245  1595
111  736
1715  562
972  775
1054  1263
1240  610
544  1995
1944  1392
55  443
863  1819
310  547
1259  1578
538  1506
1397  311
1847  1350
290  20
1276  1648
1143  796
1403  1196
609  227
317  887
140  1479
430  1332
1410  68
1796  1501
300  1619
607  174
1788  799
1611  1121
1412  737
676  451
1871  1124
1773  97
1566  914
667  1046
1952  1998
1965  482
436  1344
573  1129
1186  1529
639  1667
1853  888
686  1735
1961  280
1439  419
1355  1778
1281  587
1028  1686
1927  76
1606  113
1246  112
1510  103
116  1851
977  1995
1100  1031
660  1802
763  1756
560  1465
15  131
1586  1304
705  851
1734  1500
1712  278
649  920
738  412
1471  1322
687  1088
503  946
1633  1673
1446  1518
1454  1475
927  1024
65  546
1177  790
1612  1173
1201  1807
1646  1536
1088  15
1341  1239
178  990
972  1791
989  948
1435  437
1294  1507
1748  1991
803  256
1141  804
1520  711
129  1594
626  1446
952  1630
1090  1600
1201  286
1302  1664
436  984
360  898
635  30
863  620
993  1661
233  731
636  1483
908  1575
492  1178
996  585
596  849
1108  1224
630  1762
1079  1397
244  1463
180  541
960  1121
1705  1891
65  1873
193  1620
1431  221
953  347
1987  1859
76  1860
1112  1910
1027  1651
402  526
683  1369
291  1917
1862  1616
1252  1818
577  44
521  1863
1132  911
1712  1770
389  499
1691  642
582  1483
543  1020
1324  994
1355  926
531  643
1916  1944
562  1146
1145  1607
719  729
446  79
305  1201
1895  1868
1567  631
1593  102
227  197
1254  1420
778  1122
1815  1304
1576  650
1188  525
752  269
1518  1096
1188  1321
1151  1604
305  101
1710  532
361  382
940  687
1714  1384
1350  1446
645  667
16  1158
889  519
212  1415
630  1549
3  1179
1322  89
989  618
247  1103
1049  743
1958  1649
629  756
172  953
1567  845
818  219
1217  34
62  1057
1502  23
73  1672
411  93
357  780
273  1184
1685  738
1936  877
1628  958
555  609
194  1539
70  1773
342  243
598  828
844  1786
429  329
162  352
350  53
486  182
764  298
816  1823
945  950
142  150
1437  1974
544  516
600  300
1067  208
1103  1996
648  139
1832  1101
1430  1668
1809  1392
1381  1714
284  510
1299  1606
1855  319
1949  1667
596  1653
1963  100
566  673
935  958
1629  160
749  1029
1185  1588
1989  1466
974  297
902  1426
1659  646
991  1536
1037  37
487  1859
1077  33
1383  1753
26  245
298  599
1941  543
179  306
1601  795
1765  1772
1399  188
46  1259
1569  1549
658  1157
613  1211
1983  580
906  284
734  597
1942  1438
45  1301
780  607
1731  1595
272  1892
1933  624
34  328
1316  510
1352  470
1484  1966
860  833
1159  1641
1098  1315
1934  798
650  649
1184  1155
571  1092
159  1232
304  1777
77  1532
401  1320
35  1755
328  50
314  1486
1816  1599
100  1427
1149  107
1362  1252
1378  1784
1560  267
267  550
1588  233
1700  1018
751  416
257  1227
494  74
1051  1760
941  637
1695  260
188  1900
1426  1447
1969  1895
739  694
562  916
1198  417
1963  1533
671  1529
639  265
1466  1220
273  1457
1295  670
1428  1803
692  1567
427  829
1340  427
1100  1588
1132  74
1090  1351
1153  359
366  1605
290  402
736  1542
460  1078
740  1898
336  1214
907  69
1026  410
616  1148
850  1610
1300  239
1676  348
13  1819
314  1228
960  1301
1065  1133
1293  847
1668  426
767  1589
232  1007
1423  141
1631  647
1765  1323
1589  1442
978  1230
187  1646
1126  639
1504  173
1626  817
843  301
194  863
1348  1390
226  1661
1188  311
276  1153
730  14
67  1681
1468  1751
568  630
29  1795
904  670
631  1053
1009  1172
1378  1374
776  1531
97  160
1119  1851
797  163
1259  53
408  392
1865  1760
1703  995
1565  376
1973  1639
494  338
974  763
1815  1858
872  526
637  1271
208  194
513  103
1381  924
652  1065
289  367
1061  825
1161  9
1776  319
2000  507
1506  721
323  1523
704  83
736  362
1971  738
1469  1345
1761  1641
1033  75
1686  1533
846  1733
14  734
455  1762
1583  546
491  1117
1033  663
1103  224
1139  1229
975  1852
1922  1663
1287  1203
1803  684
1840  201
1658  959
132  39
1506  1614
1321  200
678  694
557  1282
1093  1079
1842  1059
776  1026
1977  1485
249  1103
204  1346
1298  1245
1779  1129
402  1942
1271  209
741  207
1945  478
584  1095
1105  19
965  1864
1032  1270
272  1221
1725  534
684  1769
457  378
1058  874
174  1059
779  272
1539  1449
758  912
764  1389
1112  34
1097  366
567  208
1197  1542
1990  1773
9  147
137  1199
437  1065
92  987
1082  1849
1257  193
685  168
599  1546
1732  840
490  1248
1817  1481
1749  1434
1326  1665
285  1938
599  194
910  600
121  842
594  31
1510  282
1611  1389
662  1506
1012  1197
793  1731
35  871
1760  636
1692  621
1093  1863
1119  303
1147  664
115  543
1453  1996
273  961
1717  323
1525  1667
1613  1831
1451  1328
1783  270
1472  1076
288  1805
636  1009
1894  979
158  1701
1985  1132
1923  1074
1594  387
1070  428
550  1950
124  901
269  1252
1977  1426
1242  489
805  1845
1756  1448
334  501
1038  1261
536  387
786  1911
598  802
27  1215
1428  643
810  933
882  521
61  677
1151  711
1780  585
1796  1241
1636  449
1503  1907
558  173
725  1020
1911  401
1843  1074
1827  1180
236  1086
1013  529
428  1665
1248  226
425  889
358  1984
281  934
702  1636
853  1727
636  1091
1906  98
811  927
1371  1593
906  1249
1418  1162
76  815
1156  274
1002  926
626  43
135  1742
1211  1331
1137  738
995  885
776  808
24  968
122  1898
811  488
1681  679
215  477
1493  11
1566  867
1195  99
143  429
183  1244
1202  618
944  1825
1192  1307
269  1271
1005  1082
1717  1831
1732  802
1756  532
1755  482
442  1157
1856  272
1929  1036
1857  829
1973  74
1908  601
1149  40
1401  293
657  1945
1037  912
1449  1900
1016  1674
1764  1410
1991  1978
1013  695
1034  1835
925  1520
916  1497
1892  1104
362  1865
741  1299
1302  610
1558  1949
592  1241
1388  1904
1604  823
1592  37
188  773
613  572
1690  733
355  758
250  419
1515  500
797  8
599  134
107  164
1946  123
1110  1293
1584  1985
1737  1454
1796  1597
1725  1254
740  1457
42  1440
1671  207
423  500
772  1560
447  1741
542  438
1149  378
1141  79
836  691
1617  822
1378  1333
325  449
3  305
1484  1614
433  1573
1416  554
1711  1996
1068  315
1924  111
825  711
1839  1886
1814  1031
227  1906
1627  1677
143  812
933  416
163  414
1865  1471
661  1010
123  519
1893  194
9  405
1358  201
613  1136
657  393
1584  1821
204  208
1740  1209
1258  228
1436  830
714  1951
1037  1666
1593  1923
447  755
1135  1969
1436  1069
1331  362
1568  1733
189  1947
1732  1379
1400  957
665  686
33  863
1743  925
763  823
1371  1554
883  1054
1039  211
600  160
836  866
1040  836
480  1852
595  965
631  1315
896  217
989  1764
649  1490
1599  724
1253  1923
1629  971
1644  1200
1285  1825
971  1076
336  48
952  1986
316  1153
829  752
142  1120
1665  935
1514  1178
528  1797
1777  6
941  1207
329  1815
996  822
1375  632
1038  960
608  835
1648  652
730  205
202  991
1262  1116
1065  380
498  811
1849  1335
1155  1716
1307  514
946  1945
1753  651
833  1841
450  568
826  1625
222  1860
1976  594
662  1384
660  1157
1045  943
671  1020
995  542
905  921
736  663
1001  1565
642  1652
1306  851
1668  1442
973  1402
734  1318
1420  1831
1715  1790
1979  432
1407  635
593  585
818  1884
161  1744
1028  291
1623  471
1763  751
1975  201
835  474
1514  1649
1847  1989
1858  1200
664  1086
465  1345
1984  542
1106  682
233  469
1948  1334
442  1707
1957  216
192  722
511  1098
1544  1629
1959  847
308  453
890  1271
1529  657
322  1385
1704  1156
308  1041
284  1548
1445  884
1627  1242
427  169
1660  153
1800  1752
1060  1389
1865  439
58  1223
658  806
1216  1754
1107  1535
1159  282
467  1650
109  1343
1002  48
716  544
1688  214
371  1230
1623  1539
1663  848
1364  576
550  667
743  1243
252  1681
1791  539
1831  277
1208  960
1269  1065
149  1559
1061  1398
1586  1265
1247  795
1938  734
1784  818
1124  1658
544  181
1312  1344
66  208
1048  1873
369  1012
1573  1599
1270  1744
4  1983
1595  254
645  420
213  109
297  1690
613  714
1783  1079
1444  406
52  1754
37  911
1582  1469
1459  662
450  75
1622  169
317  542
576  1367
1180  801
1145  1251
157  444
1407  132
1504  590
1390  1335
1027  484
1949  1008
668  761
1551  854
51  664
854  1074
1422  747
385  967
1925  36
1728  1180
329  1381
1847  1172
719  1519
1885  219
1822  1446
1140  1092
763  867
1367  1252
181  1029
127  845
789  131
1622  1202
1197  799
329  636
804  36
632  718
1451  1893
1578  1517
544  370
753  1768
1492  694
1927  114
1600  1314
692  1649
151  1931
313  19
1597  1190
384  455
565  1809
1770  148
154  929
1365  872
1844  1623
127  308
707  595
1147  1920
752  1910
195  1783
1952  1859
823  1388
1724  1449
1898  905
1408  1665
1386  1287
1500  859
513  1282
490  1917
1991  240
440  1793
1396  892
33  492
1375  770
154  953
856  1297
1274  417
1598  1137
919  441
1290  84
354  988
828  1890
683  1296
1804  468
1545  670
1101  614
1921  1124
245  1477
1641  1647
1621  1840
1984  1477
945  210
759  1121
986  1745
1741  1521
1803  1786
686  1876
46  683
462  1535
1368  379
1881  1134
1190  81
209  1000
1306  873
814  744
1229  1470
1234  1691
742  477
19  689
1500  1736
1081  140
1247  92
1887  777
1393  1414
650  1003
1001  1970
1624  1850
825  1662
1733  748
239  493
1342  190
274  460
1172  618
1393  1900
304  253
904  1812
84  1278
765  532
1753  265
702  1952
987  255
639  951
788  1041
1126  636
1196  4
1885  82
1813  876
1984  391
1902  989
769  871
1603  1767
393  199
667  1736
378  1932
891  1613
220  90
257  1822
1087  645
1630  867
81  1112
299  1192
670  1719
1101  265
751  1132
386  138
147  1116
601  1718
695  1767
220  242
1655  894
1738  129
1422  1685
1702  1065
909  1132
1168  1376
889  904
576  453
922  382
1198  1701
1796  1544
208  1444
1319  107
1254  1647
84  1549
1506  1394
1448  1151
303  195
594  1563
1018  1574
1248  1465
318  818
818  887
1040  1870
762  304
1172  1447
1923  792
78  1334
1041  324
1066  726
727  717
895  55
18  999
155  707
536  1808
619  180
431  1640
16  1539
1694  330
1451  276
168  1114
804  959
51  1519
1554  448
1416  383
752  1426
1068  337
263  1348
1439  1643
1351  1441
744  170
707  195
1769  535
358  603
676  920
518  1865
608  1038
89  633
1994  1722
1640  1858
724  722
1820  1619
1209  111
897  1712
1990  951
1692  479
712  1393
1461  118
1556  1818
521  1715
143  1071
52  26
791  968
1522  555
1012  438
923  19
220  1491
637  1304
979  673
644  1769
997  1168
458  212
140  1253
122  1430
1851  1728
1888  520
371  497
745  1088
1457  1241
1643  660
1022  925
1430  758
741  395
1387  394
158  815
1059  587
1941  183
1061  512
1522  997
1778  1776
1335  1584
1873  150
920  872
1696  1083
1341  40
517  488
1617  1496
1031  1389
467  1523
245  1897
1851  1462
1362  1061
92  1387
1235  1542
700  1906
225  1831
377  21
73  1290
552  1889
1649  1114
910  1994
697  1663
1998  365
972  1507
196  28
410  936
4  250
410  1877
24  1091
778  1663
1511  497
963  813
26  419
1636  906
1338  387
1422  1591
1832  375
1988  1983
1213  1906
1675  1997
1195  115
776  166
1926  1531
1476  41
567  1774
1979  471
1022  695
867  1390
1589  746
1219  1748
1508  1805
104  1292
314  383
1114  630
1480  1692
1397  835
1157  134
1153  944
644  1039
1405  280
1481  1134
1225  833
380  599
514  687
369  188
1870  490
757  1522
1586  663
1279  1613
1629  591
1998  1463
776  1327
1330  830
558  276
59  1567
92  1321
312  1713
579  40
952  1427
2000  993
1122  1972
610  1343
1225  13
72  1589
1875  569
639  584
333  1509
216  1421
1752  121
162  514
1733  1270
861  23
1339  1474
1504  1002
726  1562
660  1805
296  1608
1396  1847
309  1757
57  1443
1840  460
1416  294
367  1814
1328  1977
529  95
992  1511
1218  1370
1548  1643
637  1461
1765  331
120  1975
177  205
1161  78
310  1390
816  874
1958  520
736  1506
1671  594
596  129
1928  1729
580  1302
1764  1224
1954  162
1811  1573
1968  1386
846  281
23  1787
1526  150
1358  899
1043  842
41  1493
105  681
1562  1976
228  1679
191  317
1789  987
875  1102
897  1736
1818  101
271  787
747  1638
1034  1948
1220  1794
657  1223
1219  964
866  510
406  1817
636  625
623  223
1102  1101
467  904
1276  946
501  1972
473  21
954  1848
84  1813
682  275
1947  755
169  1524
1680  1217
1918  750
82  686
1557  1956
933  530
597  569
1484  7
1886  1735
1866  627
1001  1726
943  350
1212  1006
4  110
202  451
1730  976
1409  665
1387  1221
755  1820
730  382
866  379
1495  909
274  1715
1054  72
1584  775
1379  632
80  965
1052  994
1993  316
1595  664
1725  211
616  185
1488  560
1643  963
283  1700
1789  1758
916  1160
1394  1788
449  455
1139  171
205  408
234  1221
129  396
1850  1869
1066  1808
1702  88
1447  1832
1152  882
536  1674
598  795
1609  705
468  1313
1792  64
1402  1881
1959  292
429  36
984  1954
1067  659
148  1387
90  1299
256  1255
178  1837
551  760
1812  503
1128  1076
1863  1056
13  1114
1696  783
1870  1574
329  98
1159  95
200  999
370  1358
1420  1247
511  1720
1208  1077
797  973
1788  48
362  947
184  601
970  844
1594  943
380  1444
544  1178
1064  1049
1254  1771
271  1820
157  1388
1177  1488
883  743
1434  1063
283  146
101  843
1882  1710
1559  14
1442  1025
395  100
1795  1227
1475  235
1046  536
1277  641
698  1493
1453  1873
1825  184
353  259
1441  125
1518  1316
883  1217
1647  1366
168  1128
1825  1736
612  1967
1092  1130
1282  1361
613  1857
269  1935
1129  1189
1939  1422
522  893
1661  481
802  415
227  1088
630  1492
355  1895
1570  729
1127  480
680  745
87  1648
533  1417
1634  1952
1837  840
724  1981
336  1730
1839  257
987  882
1782  289
1271  693
778  43
295  1479
792  102
997  992
1446  604
524  1904
1988  851
540  1642
991  382
774  439
1548  1630
1155  712
1756  1834
333  775
102  1626
952  1044
1642  2
1645  1826
168  1559
1816  1487
1297  1928
1458  1957
1117  1789
1383  1080
119  1853
35  355
1439  1914
508  175
300  354
276  674
117  246
1758  1335
778  1702
1099  1821
754  1494
296  658
826  217
188  1428
439  570
1919  282
1755  1004
1229  1973
1342  714
1602  105
684  1083
988  243
695  150
1255  1418
782  1057
1925  1715
954  1169
931  725
73  1252
1022  837
1138  1846
252  499
1471  823
84  1931
1392  865
510  1366
1469  1159
1843  1148
516  814
1454  1230
406  890
627  381
559  1219
235  1413
367  724
517  513
837  1132
78  1769
824  575
509  1426
142  1878
1082  227
1447  842
52  395
1993  203
716  150
1225  46
591  1456
1654  1641
989  1144
668  705
964  727
1298  1694
210  1517
1952  121
764  195
1764  1071
1976  772
234  7
1479  1302
1888  584
1818  1375
569  1013
1057  1644
734  1462
1758  1095
1222  1531
815  1251
456  1888
1090  284
1427  913
1385  1659
620  772
1522  1103
1633  1368
425  1513
102  505
1896  1974
296  927
1584  287
1468  195
1239  1077
420  1861
1665  1418
421  1957
425  47
237  983
764  1262
239  1289
1033  325
382  1902
1551  935
1743  1041
1354  407
129  317
835  329
1216  841
1841  812
1555  87
131  1823
1974  905
672  563
892  1115
549  376
1621  1639
429  965
74  1563
1942  1523
1275  504
1624  1026
1179  1867
1464  714
170  1714
1704  800
874  381
776  1713
53  1769
1506  1880
306  1542
564  113
344  1012
99  660
1108  1603
825  698
895  1193
1668  963
1012  1257
876  263
1735  1519
520  1472
1752  1263
1563  1042
977  876
1223  1332
786  1742
1147  1962
1036  605
17  1345
94  807
993  458
492  1640
1052  252
1759  619
597  681
102  499
601  850
230  1356
844  430
271  701
1553  1216
313  180
1540  591
1984  1564
353  1192
711  1483
1067  452
128  984
408  1935
1815  273
1773  594
483  869
770  1883
1406  1202
1975  453
1814  799
27  1591
1465  1832
1743  1664
1395  485
106  205
51  849
1625  1132
1308  1802
1595  1468
1352  1787
1205  1744
760  1364
373  1358
181  8
1124  259
1853  1271
532  1789
1319  239
1265  1983
1037  1683
1643  1811
1375  52
1096  982
169  1431
1443  1858
1905  46
1651  1178
1232  447
651  1192
1038  1150
1286  496
347  449
1672  1189
912  95
1181  1530
1147  1558
1075  849
528  1596
1850  1727
1270  1556
1871  349
1462  1132
1617  73
1526  175
1771  374
1770  1480
1249  357
122  1713
1060  709
376  1137
713  1087
62  1009
1381  1356
1142  229
1543  971
504  1594
214  89
1449  1867
1320  482
1998  1885
1840  1677
604  714
480  579
1919  1521
723  1599
667  1330
1812  258
1769  1571
668  74
858  1787
798  10
463  1411
628  606
207  1942
63  793
94  1873
592  488
1305  1121
626  1943
12  691
687  464
1631  1446
115  1499
923  309
1137  1247
1172  1715
174  1255
1942  183
161  550
1392  815
1862  1861
1651  845
1591  95
1435  888
899  1748
1887  108
1982  871
1193  292
1946  571
1605  541
1296  385
1862  1294
930  1887
866  1676
569  860
1607  241
1409  694
1878  1632
957  1850
1919  1016
1813  1145
1879  725
1740  525
1194  1457
1554  1325
407  780
245  1405
968  1851
1399  1082
1214  812
1201  1342
1628  962
1103  1586
1234  1163
1899  1189
697  1402
1825  241
1216  1593
24  1353
1398  1478
1105  1921
1041  1416
1246  1125
1600  1107
1101  374
1502  1036
317  338
1384  1902
1347  688
1971  1270
1519  49
1641  1901
799  517
1146  853
1990  1306
249  679
990  1775
1787  1941
1084  1696
1480  1121
748  1744
1234  60
553  79
1451  236
1312  1285
938  1142
1335  1487
488  498
377  1147
1423  1818
59  839
1223  665
327  0
746  170
1949  587
1868  569
1041  877
408  1768
1611  330
1055  89
1113  727
185  851
1493  1903
1011  1559
1434  821
1297  748
679  1929
1245  1478
1363  589
1788  1185
1224  625
833  500
341  584
453  1849
751  73
391  832
1448  530
1709  1305
9  1584
394  437
567  1835
1566  1062
1468  1778
1761  1645
318  1658
852  1903
1834  1310
1654  291
52  1099
405  814
593  1090
1977  916
1695  1199
486  1813
1233  1918
923  1875
591  400
1831  928
393  742
1700  526
486  59
1771  1517
119  1713
1053  480
684  1423
1084  1088
136  1546
1372  1132
146  1560
794  1373
559  1286
1770  268
844  1104
1172  291
1689  1669
1070  1604
1212  761
810  1095
397  1620
259  482
1035  615
94  1449
700  1467
1119  258
763  806
654  997
525  318
1955  436
1541  1375
1836  1149
1484  893
534  1845
1692  902
981  129
1490  571
760  1117
984  247
1755  1279
89  386
1645  1899
225  428
1747  928
560  19
1195  44
1598  1525
1835  1683
1328  1227
1800  49
1170  1171
1014  216
1422  1394
471  380
122  778
1751  1084
727  1394
151  953
1984  1969
1806  1984
847  108
1955  832
1374  396
1365  1005
54  1261
992  804
1477  186
1926  1571
690  1463
1804  404
915  1065
1748  1115
168  1879
82  1924
1347  1558
421  1256
1402  333
1053  1745
1839  549
1397  953
1292  254
1585  315
1700  922
1749  685
1242  996
1690  1651
841  732
1331  1190
967  1262
796  1049
770  1294
280  1121
1737  70
1239  85
1030  1258
1720  900
1597  1392
202  1662
335  855
1393  604
1275  1374
1089  213
1913  222
652  1475
1767  1537
1046  1736
1232  1293
1585  1105
1122  1052
847  901
252  1314
1917  1091
1600  909
511  1876
440  851
159  134
1940  1999
1058  567
84  1665
665  757
779  171
1663  617
651  217
1763  1258
1746  180
1562  1932
932  637
1012  1550
1996  636
1979  1145
227  1264
1209  472
1830  620
1300  1983
1140  1723
1989  1232
410  865
773  899
673  708
1194  900
938  1926
1186  1753
488  432
814  1718
1773  1234
242  1565
389  303
950  1083
1351  159
607  1597
979  1892
1261  1040
34  3
777  857
446  860
408  728
116  460
96  300
1766  1302
1734  1439
30  1704
1217  964
1807  543
1789  1983
1187  824
1021  1584
1984  1144
1756  62
1107  1193
645  105
679  681
628  8
387  1294
1455  1895
1323  672
1441  1314
1530  1779
1556  1034
1152  201
877  976
1937  1193
631  1365
793  473
1349  1655
1362  1835
861  1440
1800  244
441  1357
1503  277
1742  53
473  816
250  325
1066  525
1109  889
1114  927
1669  970
1623  1794
164  1083
1319  1135
1253  689
70  832
1171  1515
1216  42
1011  776
1319  329
1195  1155
865  321
766  610
1685  429
64  552
813  339
362  291
777  630
406  999
1878  1446
1965  1089
149  846
1171  1650
1997  919
209  813
1982  537
1337  362
577  951
1935  1043
1703  1585
1558  1051
189  262
1134  12
1863  833
1615  984
645  1162
1382  1736
315  431
1124  1634
54  967
689  1538
1055  1888
810  1123
1860  364
69  1379
1020  1144
1015  1431
501  10
1615  1829
530  1988
1679  1420
1636  303
1420  202
1237  1436
86  1951
1418  220
441  873
443  960
1166  808
1547  651
25  1611
1029  1684
940  15
110  685
1385  1279
287  1632
782  134
612  1613
617  1050
1295  1094
383  469
1642  386
953  134
971  1177
1327  1417
1592  1651
1067  281
1621  1158
1499  1272
160  816
1431  269
314  918
1744  474
1321  1937
293  1764
1540  618
637  1216
118  604
330  405
1213  578
27  1533
1029  1372
943  493
702  1791
882  631
1997  544
955  709
1204  1674
1190  573
498  379
824  930
304  1410
545  1972
587  1403
281  1412
931  861
285  1361
183  1612
1001  96
1478  997
1517  1089
212  1808
72  1941
1470  123
1380  743
196  598
298  879
144  1546
179  1239
699  1852
715  1304
23  110
862  1442
1057  1590
455  1846
1538  665
1801  1283
1291  599
1868  423
541  306
1542  37
754  1754
1981  1994
1834  504
124  1532
1850  959
734  220
1623  1076
1576  502
215  946
1660  1276
297  152
358  1644
749  964
1432  1420
551  994
1016  1707
997  1251
1282  1204
1244  152
1434  1925
1039  81
515  1472
660  1465
1956  931
965  1314
512  1433
1479  351
1941  1490
1422  1988
1425  1327
1219  1753
43  133
158  1703
123  1421
1857  1645
757  1431
1086  1716
1690  485
1001  160
1551  194
500  1344
255  857
1538  1636
1417  755
1062  1963
1822  1873
1482  1639
272  1987
700  1231
1982  1808
931  241
1756  115
1370  869
1343  548
287  979
1261  1695
379  1449
1833  761
111  1740
1210  1288
1670  424
845  1512
1206  183
708  873
1161  408
1403  242
823  1791
570  1250
935  332
546  1570
1345  1545
115  498
945  42
1934  1907
143  1771
247  406
1764  1932
1814  1497
1476  493
1348  191
448  1062
349  1361
1548  1614
598  645
469  413
641  578
358  452
279  971
1527  44
1568  840
1344  679
858  1324
1808  691
1237  841
1116  1450
192  23
288  1025
1353  1665
71  427
1024  155
442  165
373  392
911  11
871  1530
1306  608
14  154
1691  1337
1233  954
356  1087
1969  1133
452  228
1263  263
1045  888
1129  238
355  303
1831  440
1167  920
1285  737
243  653
1917  1171
333  1771
1717  384
1670  1909
890  1604
773  1337
176  6
1709  1470
1414  227
1347  236
74  870
1598  1387
246  954
1965  369
313  988
1933  96
1174  1149
1137  1614
571  834
1060  1619
979  1376
1574  1024
735  785
124  292
552  1163
629  223
1021  495
133  211
32  128
173  1052
1324  1553
1403  719
242  258
873  788
1396  753
1422  825
535  133
1511  1400
1537  217
83  1116
349  1784
410  1688
459  1931
185  834
117  1885
1843  907
1868  473
1256  455
577  1375
86  756
1208  1755
799  957
928  61
410  307
1450  1421
13  812
1987  1335
386  873
1034  1776
1801  1316
149  1034
1910  970
125  1045
111  1725
1247  761
58  36
756  1785
509  1364
479  1543
38  1757
762  431
1001  1137
1769  949
1038  1687
1441  835
1150  1826
334  774
1691  1559
1699  103
1872  319
1634  1090
1181  1538
1007  321
122  975
1458  171
1653  22
1046  1442
582  1790
1519  813
198  325
771  0
270  1001
792  1396
6  630
1369  1768
1894  133
1573  556
1936  846
1533  469
193  467
1678  517
1865  199
1828  1224
1367  1170
224  138
1604  576
1662  1751
217  1173
41  1792
303  1485
1765  683
1498  141
552  105
1161  786
61  776
557  1843
73  1223
117  1655
578  210
1670  1447
1485  588
1013  1690
346  1441
1202  1087
137  1003
834  1494
1931  697
1836  8
693  433
558  1747
1782  551
639  680
1301  1038
1801  217
1967  462
1822  1707
1915  1841
1172  1251
1635  1419
1505  1264
1632  1093
775  535
1880  1811
1260  1659
648  634
14  1916
857  1016
843  1513
1749  29
758  454
1142  205
1407  35
1966  1293
444  149
684  532
481  1080
678  562
904  389
1975  1288
443  558
685  1971
1919  296
1683  1984
1369  416
321  169
417  919
250  1994
937  1388
1166  798
619  1291
1766  686
1518  1101
780  1223
1486  971
629  143
244  1442
597  1387
788  1598
259  1112
1362  262
1713  1715
484  1315
202  379
278  951
919  320
1489  709
1107  417
476  185
583  1216
592  553
1358  1673
1431  557
1140  304
780  627
375  717
758  1309
882  950
188  1181
1654  1510
1644  168
1969  611
1622  336
607  53
1234  1878
1951  961
1416  935
1510  736
1741  850
1227  633
985  3
142  1452
1836  927
796  1860
1959  1338
926  1280
1402  1827
1632  1144
719  1861
338  1376
1104  1511
1365  683
953  1187
551  700
163  720
1447  150
150  190
537  1749
1707  480
111  525
594  1413
417  755
699  824
1525  354
1609  116
1922  1306
246  746
1178  764
1603  1210
180  1923
1598  242
410  1390
1019  1903
1659  771
378  1023
1114  1916
1714  417
1156  1274
75  1253
1543  268
528  1343
50  1121
825  1500
1473  1219
1196  557
1813  154
1469  1190
1000  1173
1764  1082
398  942
1363  1979
971  1545
158  94
820  708
18  58
220  468
1913  1770
665  666
1119  43
1858  585
460  1464
195  787
1207  1534
1352  316
1507  1282
974  1767
70  1940
682  82
1503  441
743  1854
1707  1113
1123  1466
1946  3
1822  1973
631  1908
1856  1093
1353  875
493  74
1353  478
801  285
1952  1378
88  1616
1458  812
515  549
937  1191
1154  255
659  727
1041  1528
1454  885
1974  371
1766  1168
1970  1274
1300  1560
438  500
749  1078
765  92
1775  39
333  121
905  732
369  297
536  1934
260  1586
1452  805
402  594
1469  1037
1157  1950
345  1927
1052  953
564  1048
192  856
941  1053
1748  1417
1408  969
760  1411
701  1958
750  967
1353  1186
879  1912
1804  8
1988  1141
436  1457
1347  91
1999  1304
1282  487
1611  1329
291  178
319  1802
1372  968
268  253
1362  1913
145  611
271  1739
1859  674
1240  1365
755  215
1673  1914
725  1090
928  1922
496  910
964  1039
1302  1047
1139  1844
1329  1404
724  589
1396  1011
1664  230
386  225
1843  1501
67  947
219  1340
1935  756
1792  879
1709  1543
1057  1893
348  1801
654  1424
1223  595
636  77
1161  895
1578  1300
190  1892
1051  34
756  465
788  709
502  1099
1657  598
920  641
1253  1462
573  424
218  335
505  811
1273  409
972  1105
958  119
1059  984
1343  1390
1187  573
204  160
405  1738
423  1861
1188  1195
940  111
663  1563
1244  1499
526  328
698  1813
1410  805
96  1412
1730  1218
990  1384
584  247
222  830
838  1965
1628  975
926  1650
1277  1151
1793  825
341  1955
1619  212
485  1875
1574  1403
123  1112
1455  1229
189  722
345  133
1563  106
368  1060
4  442
986  1155
81  1339
1785  1086
1546  1988
276  422
390  1628
57  885
483  1717
772  1886
1466  12
1225  641
157  1850
234  1286
388  1786
906  300
1327  1353
785  295
1892  1528
1209  27
1575  889
672  1263
44  370
1449  546
765  1769
1843  1264
1963  775
237  1810
1334  614
1860  926
93  910
393  1427
1997  1591
1756  465
1568  1632
1245  217
1119  1237
1803  1180
1396  1259
124  623
18  886
1889  552
899  1918
1330  1100
42  1392
678  1302
1300  1918
1383  425
1775  76
1029  1540
1562  1243
465  1121
1842  906
141  1883
748  1731
1639  1166
1850  193
1147  482
1496  1968
468  1987
329  117
855  746
1676  1201
1280  51
1086  734
237  23
1640  804
616  639
199  1397
1254  228
582  649
1126  1149
1326  78
1798  319
137  1352
1802  1623
643  1617
1556  22
1792  1810
1670  875
1243  1462
1639  1200
1879  1010
125  643
1571  849
1495  1588
1815  940
1056  1853
711  1150
1697  666
1815  870
68  1358
1067  1684
406  1210
82  1929
371  1577
25  145
745  568
1306  1561
1169  368
39  1324
154  1779
1055  68
1639  1164
707  1503
705  1941
642  249
551  1930
1026  689
1153  1683
448  938
8  1708
222  1047
177  1074
832  1479
392  1181
210  1841
458  402
1432  327
589  223
830  1155
37  1359
506  904
1634  506
1750  346
733  201
1745  1142
1858  1534
1920  314
1359  1606
1270  1006
1358  1017
1322  1419
1997  1043
490  669
878  591
1432  1982
3  320
256  1469
1268  1181
909  251
808  1189
998  1390
1828  1371
1346  609
58  1535
722  240
1017  1794
1455  245
602  353
152  1906
955  406
377  538
1585  1342
1146  1631
1150  1801
69  965
1660  1626
1963  495
1628  52
1593  1585
1173  169
1294  275
738  266
522  1069
72  1183
1166  505
367  899
595  244
911  1032
1633  635
1351  1361
1947  1643
1187  1654
1770  1428
267  745
662  1435
1768  737
789  966
780  1941
982  675
363  1928
71  217
604  621
1787  1586
511  1582
893  904
239  1610
190  547
1410  1468
364  1349
1603  650
967  1964
1030  135
1064  720
1162  373
300  709
135  679
1009  1887
1925  1866
377  1085
299  949
1772  582
1366  1325
170  1430
1949  1931
161  661
161  1774
1548  1573
130  53
513  315
1992  1926
161  1399
225  1320
589  56
88  1112
562  775
1503  361
1547  1079
993  545
48  1404
123  1550
1156  1302
1622  1578
1653  1045
1138  1539
599  1959
1605  397
287  1730
317  49
128  1528
381  1386
457  1644
1757  917
1194  83
57  1835
1504  387
1355  563
722  421
1087  1639
423  268
583  528
862  1054
1451  1033
1690  530
1574  1242
675  1414
373  1289
890  595
950  1754
1173  1409
370  1101
488  151
1388  1157
1267  519
1291  569
1764  1151
598  1889
541  589
991  720
1756  1013
1476  1115
1726  1467
839  1216
1580  248
1939  1096
35  1783
1488  1340
560  725
609  326
562  1361
189  1816
365  1564
802  1915
1198  1121
671  166
314  1808
491  1466
1491  319
455  711
305  336
133  402
405  349
713  556
453  1143
1164  1541
1829  1626
1994  851
187  195
1779  1020
894  663
1815  505
930  1979
1639  795
1766  306
676  1159
249  1649
1389  266
1531  1284
1933  1637
409  730
1859  50
728  1960
356  1577
398  183
1755  1617
208  431
930  624
1632  1878
943  384
1782  454
1016  1021
326  731
761  1434
1555  400
623  1772
648  529
189  1145
1609  1270
507  1758
93  187
1265  1766
1800  889
520  815
996  1729
695  906
780  853
1194  469
217  1074
1552  584
1170  736
208  104
1294  360
1398  1353
993  366
311  1499
187  1910
759  568
768  1858
666  392
1643  1624
1977  1506
305  976
1956  68
1609  538
1248  1815
756  31
225  955
563  771
1464  305
1010  1972
1274  1835
1874  602
948  1039
1885  169
1281  646
1352  562
1277  1582
1196  256
703  288
781  1514
394  1291
1568  423
294  1030
387  1442
900  949
177  382
1101  1165
1851  513
380  675
485  1060
1363  772
56  198
348  1440
50  1471
1219  1643
525  1656
1347  1501
1578  844
132  576
510  1593
854  953
58  1319
138  870
910  802
548  1712
1137  771
171  228
1740  468
1856  1418
1460  631
1281  1919
60  271
597  134
951  1577
1099  181
831  65
1393  1818
885  653
542  1664
1746  645
904  773
1710  639
1590  1737
1815  946
859  624
1781  1651
1577  1568
100  2
1974  26
1313  1727
386  338
213  1224
812  615
1445  1584
45  418
1201  285
414  283
935  1947
1598  1193
646  1637
1258  455
1141  766
1081  1349
569  1007
544  1880
518  1360
1188  45
926  267
1299  1092
1860  1733
417  1651
102  266
1552  548
852  1367
235  1687
372  1469
1314  376
802  1071
643  1461
1851  1117
1449  1025
1266  1047
1864  786
867  1620
151  1270
1668  1587
519  1029
598  115
46  444
1699  1132
1293  285
407  1826
203  1860
1927  793
259  1594
269  1434
1326  1656
1486  1222
1957  1136
1267  402
1717  656
140  414
1182  657
1010  452
834  807
95  1658
1808  1553
147  899
1000  1184
1407  358
309  1799
1813  940
515  717
1644  734
576  57
1919  26
425  1790
161  1208
1803  384
965  444
1326  314
493  1674
1815  1558
1478  1347
1419  1893
45  902
1368  1538
1229  1009
821  480
175  1807
1688  675
1856  1517
10  1537
1928  869
1775  124
1089  74
1988  1190
745  1039
775  160
876  1137
1310  242
1777  105
969  1105
1964  1574
877  810
1497  1620
1266  1672
1957  1078
156  291
1011  1395
1352  1694
980  66
1870  1665
1102  968
1336  267
415  308
1643  254
169  860
208  1744
322  1241
1872  628
1898  505
161  1419
832  1454
1685  1746
976  1210
1898  1220
687  845
276  1492
801  1368
717  358
1616  759
997  1464
1683  989
871  1918
1538  695
1789  842
916  539
70  66
1622  593
490  1207
1611  1132
1242  724
782  358
783  1083
1184  1778
1458  473
368  950
1591  1809
348  327
1412  425
785  1015
360  537
1366  1415
1466  426
714  672
1776  245
982  190
46  902
795  513
1891  1654
867  77
1106  1886
1220  1108
1832  780
1273  1273
1678  1795
1365  1540
549  231
594  1555
900  846
649  1552
434  452
901  140
167  1405
1965  436
440  1678
438  1665
320  159
533  1371
1326  456
1899  12
1540  1704
1382  1443
1406  289
1006  398
1625  989
1111  1943
211  1519
39  1134
1042  263
93  901
1029  1905
453  341
1602  552
459  1994
419  171
1142  1573
573  1439
341  606
1293  309
1572  879
980  947
1532  1727
186  953
462  1864
1884  52
772  650
532  1374
1461  34
1238  301
991  1212
848  1883
2  155
1198  1633
591  1433
736  1794
274  1232
1444  1869
1992  581
1718  870
729  36
359  91
741  1010
1328  921
1156  874
1778  1094
553  1009
314  560
382  224
1341  732
1708  1548
866  444
1598  123
846  960
1572  1778
968  1981
81  527
1581  1783
704  672
1619  1188
1750  1979
1460  1134
1141  1700
913  908
1117  382
1579  377
1512  1068
1246  1796
1493  795
946  1042
557  888
1829  168
1307  1113
343  1425
1790  1148
524  140
24  1825
1394  1550
206  1457
759  1777
1843  1830
1418  1289
725  1679
1269  441
243  160
49  197
1089  56
858  1901
1141  103
1885  797
810  1949
1853  12
1495  1395
1136  317
510  599
660  1495
108  1045
157  760
946  1927
1584  790
874  45
1589  1100
257  1180
297  1920
811  987
568  1795
744  930
279  1084
156  1120
1743  101
1902  40
992  160
576  1329
1731  625
1343  801
133  1790
228  74
144  1766
1448  669
502  660
304  1710
1946  95
280  938
1089  1399
1840  180
1548  491
699  1153
797  997
376  73
416  1253
1083  1104
1329  1578
1059  543
361  248
1628  820
1331  1036
1307  929
1890  935
1225  1657
1981  701
979  412
1612  1576
1451  1959
1659  1711
1868  1847
1781  1539
1723  795
338  1095
627  38
1048  1110
982  829
744  1542
258  293
1643  578
651  74
248  321
443  1989
1630  394
1097  669
533  400
1898  1991
1976  948
881  1352
1084  24
668  1924
1234  1528
424  1749
1965  1754
1759  991
1071  976
375  1201
1278  689
1329  1026
950  1461
575  1083
1028  612
1495  477
563  213
1665  969
769  1705
1051  1956
23  601
1606  1223
803  611
441  699
670  252
1559  1727
831  1968
759  863
617  503
693  1729
1198  864
58  806
1607  1521
639  666
807  92
836  571
172  37
900  1885
1157  1792
1603  1246
867  848
1132  1414
969  712
499  1566
833  1082
335  1051
920  966
1255  486
1397  1773
894  1755
1113  241
407  1480
125  1898
11  1897
1896  142
1664  859
776  814
197  177
1794  1117
778  1340
1580  941
357  76
1611  536
1625  403
1127  1960
1044  1070
1301  1327
325  776
828  512
1848  1362
49  1823
1199  730
1757  198
1560  1289
296  1121
986  1136
945  614
1975  1414
1536  201
1428  662
160  1451
559  1314
301  426
1421  602
964  1621
624  1914
597  1864
303  143
1816  1607
1461  501
824  517
1371  1345
1537  1374
1345  334
1173  1486
1755  1026
1404  1830
876  1006
916  1286
555  1940
1170  797
1896  1145
1119  752
433  1477
1652  969
1179  1741
1988  1127
1020  8
1143  1582
965  1589
1198  1772
133  201
749  1159
247  1307
1484  748
1466  936
807  1757
597  1964
771  1680
984  510
513  621
1457  102
463  1784
1078  890
56  1273
641  1
823  981
161  1162
1527  1670
1507  1458
82  29
1133  1088
1825  118
757  811
474  1572
711  936
1578  737
145  746
1019  610
8  491
1739  1916
93  1150
1767  314
1898  826
1297  1796
1254  1855
925  1252
1430  1712
1409  360
1328  759
1393  51
1348  318
218  1527
124  23
1811  253
186  1512
1156  303
1745  1565
488  1791
1724  1926
811  915
1214  312
1316  1701
1888  387
1722  1476
1870  1506
539  415
746  921
335  150
1959  703
1788  1272
527  1763
1515  606
818  290
11  769
1295  402
1999  1031
1516  31
177  634
1053  710
503  182
1135  1899
1201  284
862  1605
785  1998
103  1511
1876  1926
261  724
1060  425
50  793
1584  1889
487  147
1156  889
1086  1813
769  1948
579  424
993  162
196  1883
734  121
1941  1481
686  1625
288  1109
1336  1190
344  954
1865  1404
1959  294
664  1042
818  8
848  481
973  1475
1628  674
1448  1931
991  185
1437  1317
1953  1979
276  1543
1321  1952
1659  1009
439  40
1845  799
1917  911
49  116
371  524
966  703
1476  1521
1888  928
507  1377
649  879
1942  1205
224  29
503  779
902  164
333  1581
172  560
1866  1977
818  1267
1847  1779
1693  1719
966  1546
1696  423
1750  1288
86  929
1986  1444
1448  1917
670  968
1101  1767
1568  1538
1124  1082
1915  629
1804  152
293  627
762  1148
956  578
1227  1297
359  1494
1009  485
840  477
1140  394
1055  885
985  219
1065  278
977  780
1402  1168
324  1647
1559  705
474  697
431  1327
642  642
1336  1073
1540  468
1394  157
814  826
1689  1155
570  1065
1317  834
1122  65
26  878
1312  1309
638  4
437  1226
1875  1844
1666  555
998  1927
1515  1
1835  1183
725  1068
258  270
122  1660
489  1429
1781  247
201  1340
30  690
229  767
1907  1058
1873  290
1602  1141
1712  1234
976  1326
900  754
1791  471
331  779
429  952
1985  1471
561  577
86  501
67  17
107  860
1039  917
55  650
1556  1235
454  993
1518  553
516  344
488  1772
1729  1431
1123  1972
118  1988
554  1981
1097  25
1519  1394
356  43
1141  851
1764  1307
666  505
709  827
922  1106
1294  1034
55  1960
1355  1036
1440  1531
643  1391
273  1217
1796  1078
1550  1655
369  641
732  1758
82  1033
531  529
144  1457
263  1841
685  549
342  1316
182  30
1473  407
934  1540
1985  1441
1016  1607
393  150
72  1612
961  810
1838  837
1581  47
176  1358
863  763
28  1197
1205  1427
1190  749
1758  1194
137  1580
1724  1892
1265  1164
1144  281
393  1908
1449  190
468  749
1308  1280
1216  1140
1755  1785
1191  1875
706  827
565  1710
262  1343
1009  1085
1024  1889
882  1227
1107  1766
305  1848
1158  737
182  1849
910  786
783  1761
404  1507
1505  1077
1020  1130
1012  1184
1965  1993
1177  67
225  1945
13  1051
1805  443
1792  436
377  1314
418  1620
1540  1443
304  1217
1483  273
685  1219
468  517
200  532
1480  397
1663  1208
1029  719
924  792
1204  905
972  1269
1453  1109
441  1776
1624  1247
1727  1548
1552  482
1773  572
1584  797
1131  272
1347  528
1328  847
1702  290
1662  1480
1796  1204
312  37
1069  636
630  736
628  1151
510  1742
1381  723
356  592
1163  807
280  1366
1423  1371
89  502
1745  628
502  214
917  306
1154  579
697  862
1129  1422
1411  264
433  17
899  1847
1328  1417
759  18
1199  848
228  406
627  466
337  1344
587  445
326  579
1451  1952
397  168
1816  1928
767  702
1420  496
1688  1616
103  1309
425  1333
772  1221
364  78
1050  519
1466  1077
949  1501
1905  987
47  1438
418  284
858  618
699  1690
838  1720
1641  625
1989  694
1571  459
204  1491
605  1503
852  1644
961  978
1196  1354
558  716
651  1474
1930  636
1217  1593
993  1814
1499  1614
1181  1140
1002  788
485  434
643  1221
1761  191
1154  1727
78  381
349  1483
782  110
1806  1365
693  1348
436  1228
603  330
1511  1534
274  1813
113  651
1258  446
388  1849
701  587
1903  1391
1310  552
1415  728
222  537
1759  983
1743  1090
1378  1839
7  986
1052  1541
1232  146
471  1192
229  1538
455  1196
1177  1250
628  817
429  792
473  826
558  1265
855  1150
571  1199
965  1138
1782  1056
282  1855
771  1604
408  71
822  1666
1607  496
639  1430
1372  1135
669  663
1434  177
371  486
843  1313
1490  80
1511  968
1629  1731
1463  1336
1903  1907
770  803
914  213
972  625
1223  640
349  977
128  1556
318  1303
450  1936
1347  1978
1228  870
1136  1658
1719  1890
1376  175
811  31
585  329
1576  605
1701  1767
1039  476
350  1041
306  1362
96  1846
306  187
514  23
1201  912
1009  1522
1578  1717
566  430
4  651
912  2
396  28
1589  348
1329  20
1734  1524
1782  1490
546  1876
1011  960
391  361
851  169
993  880
113  552
440  1063
1060  1862
1188  131
1431  1817
1658  562
216  1341
1066  345
1999  1231
631  1185
1730  1867
1484  1402
257  960
505  1992
1310  1649
980  1000
1861  1840
827  1437
719  998
1437  53
113  1660
100  407
1432  1632
838  1516
1305  1761
712  1524
111  631
1920  515
1534  164
566  220
1633  1482
1530  241
1061  1711
1971  1873
1317  643
1816  187
1691  1869
1947  1212
1713  1829
1715  1041
747  669
545  1771
1872  1056
196  877
1235  864
27  1373
625  412
542  493
1063  614
483  1493
1696  1968
1415  673
153  224
391  107
1454  1408
17  1714
1269  1983
1149  1714
759  1566
1785  1750
1637  1999
311  417
1565  1979
928  1002
225  1219
202  727
334  433
1485  1027
625  1415
1584  1633
1823  531
373  589
539  399
810  1208
863  1104
1500  744
1110  680
1166  1089
235  830
1638  1579
1824  262
121  1723
668  31
412  1691
1673  272
1493  1129
1434  1383
1586  948
1314  1317
1114  1566
1975  585
558  1965
911  812
447  427
622  257
1462  1771
126  852
383  475
740  1780
299  497
270  338
294  1986
287  837
1585  289
941  582
165  1391
986  1481
732  12
718  1167
906  1972
1811  463
1505  1683
1426  427
826  1024
1544  954
1423  1513
494  1668
1217  67
1543  290
1241  24
293  222
1997  957
1257  1129
1805  647
1114  1035
368  1646
318  1244
681  1831
1773  440
178  966
1826  443
1670  1816
1952  1684
870  275
1962  1904
491  85
914  909
174  1870
1246  785
1664  1191
298  1601
1476  1022
118  946
899  1371
1018  1139
1043  1751
1566  1268
1216  1553
1806  887
911  1928
1674  933
3  1098
1457  665
1079  120
1047  960
1919  854
1451  1470
190  566
484  1547
320  1548
1564  1154
1284  1655
1267  288
1151  1261
1271  413
1575  209
1396  794
787  420
1495  1080
264  1883
1405  937
125  706
882  130
1129  1100
755  672
679  1668
1077  1341
1896  960
1978  1575
597  1614
51  1727
863  747
836  110
318  1484
472  1237
915  1884
1373  440
982  857
1907  1893
1379  702
1772  932
701  299
1556  1073
870  937
1401  720
1593  1712
235  685
429  784
360  549
1340  304
11  656
770  1828
1258  690
1900  377
700  765
1455  1939
330  1318
1733  1950
1872  336
1010  1080
1247  131
359  1907
1718  1892
1507  1847
1712  2000
1719  1458
973  517
698  879
103  906
100  1066
94  992
1749  1981
222  1168
1736  1401
1216  519
1928  875
1760  37
552  1671
208  1339
805  666
569  104
505  2
1887  1737
1127  501
844  1240
1931  53
1685  74
1845  202
1874  429
1513  901
1051  1467
508  502
1378  426
1839  1130
1078  791
1763  260
1930  1341
1011  1337
1719  363
1652  452
1745  14
1525  1959
1928  1552
1336  1325
475  978
133  93
608  1122
1170  1056
1159  529
946  369
1368  1172
502  1303
1912  509
1861  377
185  915
1899  1654
981  1512
607  864
157  1118
1129  1488
1623  1734
485  1320
267  470
296  1700
1020  1263
258  1280
748  61
918  1819
1466  1504
357  1458
49  1347
1880  491
74  939
383  1395
121  85
1691  94
444  61
1654  538
360  925
1689  1025
871  1827
643  540
559  1205
1666  1954
1040  1550
1838  1108
1577  82
986  1195
1364  1829
1030  1398
610  1314
417  259
1668  1029
310  737
1251  1482
1934  1320
943  422
1187  1459
676  615
577  781
1513  1995
571  577
324  1848
1791  1550
1934  1720
78  166
1871  210
1118  1714
335  1758
244  825
1232  535
1731  1792
200  922
1739  1689
1491  664
971  1016
779  1844
1707  975
124  1904
1768  393
1003  1564
1559  322
1694  149
1027  158
517  1333
1138  1299
52  381
525  62
65  1728
1186  1061
1334  21
667  1456
1549  280
180  1099
89  860
101  1833
1132  765
725  1221
882  46
1469  970
1351  1696
1333  413
1497  974
137  1021
814  1306
1231  1553
592  1402
660  358
31  697
1270  1179
485  1707
1689  1866
1316  29
725  1057
950  329
1053  4
1124  1250
444  183
1724  69
593  1677
1523  1656
653  1841
1867  1175
1383  656
1685  1167
1430  1963
1012  1241
992  1376
460  1403
1603  748
1384  1861
1637  1484
1178  436
4  1486
1470  1653
441  121
893  1513
1468  1742
1530  1807
1133  1276
700  1706
1354  723
338  1444
1475  404
184  1043
329  635
425  250
1339  1376
1689  1414
615  819
1070  1726
1842  877
1966  791
854  1987
401  514
101  962
1629  1753
986  927
147  1591
829  537
1325  1326
1179  1994
862  265
1890  1641
653  836
309  233
688  1867
799  1095
879  401
692  416
1293  1087
1306  360
166  725
1749  1482
413  181
90  502
823  1879
394  1669
1303  1005
1462  334
487  813
1946  1418
225  198
1338  1862
1234  1658
959  339
1767  1807
184  1182
1703  222
1686  1499
1001  308
1183  98
1652  1616
379  889
1363  1359
83  1256
155  228
929  1548
224  45
1916  941
39  812
341  142
1639  1514
1797  1660
174  328
1569  430
1503  1144
1692  1305
1452  649
1270  1183
612  1373
243  382
1934  1443
1599  334
1290  1085
167  335
1182  1977
339  395
369  484
692  1544
730  620
1570  490
1258  1543
692  1679
701  1393
983  1251
1891  140
163  1552
1710  1573
1454  485
1549  1933
839  1799
1554  111
1543  1217
811  1918
178  416
104  1201
100  1602
1339  1007
505  423
57  462
1317  1028
1644  1421
1731  1392
934  1891
100  1522
1616  1811
52  723
1310  1341
1971  1373
395  711
294  1679
26  264
0  296
806  1214
1993  11
332  738
1793  729
433  248
197  1235
1513  599
130  1277
502  532
1431  589
751  1269
1467  1352
1093  243
1384  865
610  947
632  1047
1945  1904
1887  1829
571  903
1057  931
471  1759
1647  704
1229  602
975  1257
1259  1852
410  994
593  863
1892  1900
1336  1071
177  91
46  1183
1603  347
869  569
1205  960
2  1420
405  11
1789  1288
1240  1097
1442  912
448  1022
408  1232
731  1992
1034  1342
1751  60
94  609
381  678
306  1991
1749  399
1779  1955
1102  1805
137  726
1254  487
1302  392
1333  204
1688  751
1379  95
1836  665
134  436
1643  736
1471  449
627  1933
480  1888
398  1488
861  211
1086  1160
148  1767
179  976
51  1523
1249  1234
594  1752
356  884
387  285
128  1594
121  454
566  1146
448  1556
80  415
865  1752
1835  189
837  1791
1875  471
977  611
1235  1883
1879  1231
1392  1711
1750  131
11  1486
1057  207
1976  1498
627  1543
1894  613
1312  650
605  1040
368  326
1190  306
362  1684
102  1500
1565  458
1191  611
483  880
1091  1232
676  431
1432  1306
33  1843
700  1897
608  117
1865  683
508  1335
274  551
549  417
495  718
1474  829
980  990
96  1663
1717  1937
676  1186
1033  1580
1301  380
639  1873
1957  1377
1654  1342
1918  623
958  1516
1752  405
369  9
1538  1270
1616  18
1956  1399
1190  1521
944  36
1652  1039
1126  1724
1691  1565
288  1335
1239  366
1638  1577
694  159
1227  700
177  1217
1509  1230
126  287
1575  1852
237  38
1192  830
1919  836
1575  691
1741  388
882  572
1131  1146
305  807
1225  457
220  1363
1177  371
1704  1540
1921  1394
1087  17
1019  661
651  287
1740  1511
638  1507
1331  1065
1579  260
52  658
1345  1168
1659  1358
317  649
1725  1772
1245  956
811  1930
1954  1205
553  1782
249  1984
1745  1134
1693  1672
1111  1737
857  1864
1522  974
1246  857
141  1538
1386  346
723  1342
150  1953
594  1107
1603  1563
291  521
889  29
1979  1988
510  1457
362  200
222  1930
1196  322
1220  700
605  1229
1521  1028
68  493
848  1505
94  1203
1317  483
397  847
1812  1268
54  1822
1299  1464
840  178
852  1416
1123  1615
453  620
815  1556
685  1324
1096  1920
520  1801
1558  1308
1432  943
1621  804
321  1759
410  963
1582  525
1649  1367
1166  1849
104  1793
1980  1571
1892  245
1327  1433
873  1007
1555  644
638  1071
389  161
1340  788
1909  1123
1952  237
1318  758
1965  1087
1356  250
886  1492
118  432
1285  1293
1690  913
835  1426
1241  572
336  196
1310  1849
412  1547
753  76
1290  725
886  1802
629  1747
655  1294
1288  1748
1767  1714
1610  1724
183  663
366  1750
143  657
1981  1668
1145  1162
1791  1142
127  1260
547  1914
1091  159
660  906
1263  1541
331  611
86  67
1270  933
258  1550
764  524
1979  1663
1172  795
765  522
365  337
1705  1058
1758  958
497  69
421  540
1200  1898
1967  1461
1288  1804
1546  24
879  171
1419  185
1179  1653
1961  1672
1471  1084
494  1752
252  852
545  77
158  1536
1368  318
232  875
1304  1923
1960  1091
1278  1818
239  488
977  932
1903  551
1633  730
1852  1904
1264  1962
1108  850
1478  1712
216  1904
1388  166
270  210
252  353
505  166
1940  546
290  1321
1526  146
978  1478
942  1224
798  1137
1184  1282
1320  479
653  1483
233  820
1759  1143
833  1983
1178  224
470  693
1064  746
1994  411
65  573
1789  563
605  1051
1289  1562
1156  1827
503  645
414  1042
1607  415
1616  1798
1218  674
707  880
1787  58
1319  1698
1238  603
1680  1955
1117  1085
933  739
1330  167
943  1461
1699  594
1700  1069
1124  1509
551  1463
1935  1719
1089  1964
1418  1296
1097  480
663  1113
436  530
1003  476
555  120
1907  1122
1877  1701
1303  489
1888  909
1402  1048
1283  1195
1292  1755
1929  1700
1394  389
1707  1540
1771  1381
1911  521
1948  1457
1004  374
260  1833
936  1160
528  1366
85  353
260  1494
1004  542
1487  199
649  472
1553  1541
1183  607
286  855
1793  340
1528  1118
1427  1002
206  1543
1750  393
669  431
118  1166
1529  1496
1331  1885
866  1341
175  643
1331  1003
984  625
1829  821
137  904
281  1398
952  1790
354  1243
778  1998
72  143
15  500
279  116
1105  499
879  1185
1949  1295
1140  1080
1569  265
1514  536
147  934
1467  21
799  1101
1065  1810
464  1418
540  545
751  935
618  130
773  264
1117  1878
1812  1788
1732  1701
1001  1590
292  1691
527  482
416  356
488  820
1121  1283
726  1638
212  1578
892  968
1309  1891
54  1193
623  1430
360  1589
1965  161
1406  874
604  203
575  855
1888  1019
359  236
209  281
793  1954
1321  1988
112  1612
137  944
88  1667
462  1624
1838  329
417  167
1578  883
1387  894
1346  1087
120  1381
414  538
1688  208
574  654
405  1086
1052  1795
795  1098
565  97
1636  811
1897  629
519  612
1227  1267
1762  1495
1786  229
1877  1207
1787  598
1841  1225
48  678
1363  1640
754  131
1043  942
1645  1697
845  1102
888  1540
587  1570
61  246
763  611
1081  304
762  1520
1721  1022
1660  1639
1578  715
39  390
897  1325
354  1141
965  1942
1696  685
1606  360
1211  1163
1116  1043
328  1104
1993  1494
703  470
924  228
1789  1522
1598  1865
149  41
13  829
1915  1028
635  1115
1178  441
195  207
570  1341
257  648
1095  1072
1281  1991
415  1427
61  1965
787  193
101  1274
1730  678
1254  178
467  120
1882  534
229  1587
1278  1397
140  463
312  1793
613  1069
897  550
1990  1729
299  1674
1889  421
948  1987
83  1382
464  1582
1763  141
256  454
1417  828
33  1147
227  1086
1357  949
281  1879
303  1873
1458  324
1667  815
1342  553
1371  1641
1527  1002
1079  1377
459  521
1834  106
1279  1012
246  1049
390  697
719  1389
1466  1518
798  251
409  1988
793  649
697  638
239  1661
1196  1408
732  50
215  1973
492  1277
1455  1498
30  1343
1285  274
778  1717
1455  587
1041  139
1541  237
1716  393
1304  791
218  382
1449  813
805  203
1330  1473
1843  325
1347  848
64  1046
1403  1522
1194  1977
305  1703
1973  149
453  1515
618  67
900  680
522  1288
76  1118
1972  445
1696  515
1095  1547
1123  786
152  1209
970  283
1989  1855
1997  1003
1988  226
1866  847
1609  1170
1663  189
1363  1773
20  119
1644  1211
1660  1754
1858  278
883  1261
947  1362
1078  1940
490  1731
940  1142
514  1858
680  1661
524  770
864  1468
1949  1560
1918  1764
827  1015
566  194
1190  1759
206  861
165  1944
1130  1977
473  835
1349  1968
101  1038
823  738
1484  1154
1962  1859
209  373
593  1037
17  1047
1623  1041
1032  427
1022  645
417  774
843  1524
1451  1780
1768  1690
1415  1504
715  782
1804  1381
1363  693
1626  1936
281  437
494  1308
205  1809
1384  1291
1107  1709
1827  1161
1756  1638
1545  1986
809  1568
1128  660
275  549
1954  407
1359  927
1644  1926
52  126
899  1307
30  758
392  1877
232  216
1623  95
1604  89
578  1968
1644  156
1965  1538
1952  741
807  1548
1596  1868
1071  831
770  1730
1541  339
200  954
596  1506
393  1896
521  167
1600  364
993  1403
775  219
1884  1621
1574  489
1269  1028
17  857
426  1303
73  1253
1977  1940
938  1341
438  903
20  993
1470  186
164  1258
17  1077
623  1908
1630  297
130  948
1164  461
1783  671
1957  614
1356  1132
1603  1991
1584  1506
261  483
245  1352
505  1928
1043  932
1325  558
1052  1295
939  1234
339  1179
586  1953
469  943
1940  1305
612  209
862  1713
1559  829
550  409
351  1688
766  1019
1449  1689
291  1363
1199  382
1156  1370
1298  273
976  488
1279  741
1867  627
202  1110
720  1497
815  773
348  256
548  1851
1817  921
890  988
482  1604
805  103
948  579
1725  727
545  298
1185  309
884  1268
456  376
2000  1728
1221  537
721  859
1728  896
545  267
18  1084
778  1236
1504  1479
772  1710
1383  430
852  1745
1720  672
1947  1753
1208  495
1611  1348
442  914
1383  30
208  357
1946  1316
1927  78
74  1820
1307  694
982  1402
1734  869
860  1027
267  413
944  1670
1133  1572
271  900
222  1301
673  1649
405  516
1301  1413
1842  1747
1320  1387
336  564
1122  856
63  408
1580  1409
1014  273
538  1214
831  446
757  1997
425  1534
351  1988
1804  1671
1045  1451
241  1655
1244  1784
1564  180
1131  1880
1619  943
1731  1353
1110  1741
220  133
465  647
834  1208
372  948
1960  1058
1632  1893
949  1050
1756  1165
1639  1543
296  1323
361  1528
1120  86
1165  572
11  1305
1982  1478
679  582
1165  1417
147  1152
1191  1852
1191  745
600  527
1647  547
423  1348
1794  374
400  1354
725  842
779  1789
1949  12
1447  1680
259  1271
1884  1560
882  1097
1520  224
1351  1978
524  726
1873  274
172  829
1348  1306
1502  270
1530  452
410  993
414  1317
1780  289
1181  458
1931  1831
1774  588
120  1913
1125  848
180  1537
140  702
1243  892
393  1840
1167  130
170  1096
172  356
1642  109
7  1744
1345  1689
933  998
644  9
1603  5
306  846
989  1520
1738  130
798  16
41  658
835  815
1946  528
261  1241
808  1859
900  823
1091  1623
1323  1498
117  1586
803  1784
1559  239
1634  154
779  1584
148  1937
1605  821
1734  1887
1204  94
1302  1178
1982  1818
149  1497
1950  890
1769  275
1338  27
304  260
511  855
889  301
870  1274
503  1636
1077  1026
475  1971
670  127
275  634
1489  538
185  159
214  1388
51  347
734  808
1209  434
706  1616
1525  174
289  155
1140  1815
933  696
1967  1329
164  426
1563  872
1298  1242
1073  1683
1758  1958
47  1204
7  956
1334  810
1959  1962
216  983
1077  1771
125  1427
106  1815
1490  485
1444  824
314  1501
861  571
1140  1669
845  1112
241  782
76  364
1017  1734
534  1829
1883  849
649  830
544  740
149  1578
1177  64
1856  1717
1926  1711
1199  1296
1982  1938
556  401
206  113
1948  1012
907  1309
1585  1621
331  1232
1327  372
874  990
149  1433
1835  859
1110  1473
1777  1675
1487  403
1995  1781
1609  1872
1533  1061
761  425
1341  268
1021  694
1787  1055
176  929
833  1221
1067  586
67  1948
906  1758
1244  1439
1696  472
1756  1082
1897  1753
843  144
321  1449
1146  255
559  186
437  313
1189  1363
159  467
1972  694
1471  1759
1989  1719
1599  1052
972  786
261  453
116  1485
1131  478
580  1708
1446  144
1559  1525
1642  1412
1327  1054
1469  1767
1442  1871
1020  955
1476  590
1332  482
1653  1055
1296  1507
1392  1393
93  1084
1057  952
623  263
1705  1127
149  1521
674  1791
368  40
517  157
546  270
524  441
1579  1037
1909  548
1986  1985
1731  218
1620  1047
342  757
1017  883
340  1720
1929  1804
1102  1582
1051  1066
1523  1649
141  1101
725  413
947  557
829  1399
614  1663
1731  698
1162  1400
949  800
636  1280
1715  1162
694  1480
1650  556
390  745
343  262
1063  1455
545  1318
1956  585
379  754
476  1169
1047  319
1828  591
1722  1760
1190  228
59  1177
996  1154
911  88
1293  34
1390  1013
951  768
360  230
1416  1664
211  1805
1363  295
1012  780
1524  723
455  1201
468  1191
1131  1065
445  878
1152  47
544  1163
1099  1959
653  1817
1246  1443
1542  1706
1717  921
1075  292
1219  433
862  1262
10  559
396  1916
1374  287
1310  1019
1131  1376
1487  814
1863  608
1251  1203
1116  403
1975  1536
479  1922
1892  621
1845  83
1832  1401
1533  796
393  1605
1614  571
1523  1365
1528  1992
864  881
1364  1195
387  1004
1912  1925
663  1634
1528  349
1170  310
726  962
1310  1933
883  57
1464  1361
1600  1572
1047  770
452  803
665  1909
168  796
515  245
1499  808
1974  1823
692  1680
1321  1407
1355  1019
1195  611
1919  1135
138  426
1107  850
61  1621
1924  510
1136  987
1520  1730
1695  1220
948  1967
1238  1431
425  101
855  389
888  819
1902  159
1927  1177
114  1315
1854  1231
1144  947
386  1376
1124  676
1866  771
1522  1021
553  163
1264  1493
959  1674
1492  618
1081  1211
1889  1109
377  1144
1937  1859
1594  1673
251  875
250  659
1493  1717
1904  836
1024  915
412  1873
1168  1401
700  1960
554  308
1986  1562
41  698
651  577
1023  760
474  727
874  1995
786  654
1395  1524
732  1357
1603  796
500  1582
799  1148
1236  1064
308  1071
711  1540
672  354
718  1281
1913  680
593  400
1627  806
1042  27
460  1606
614  136
1373  626
434  923
328  470
1301  1802
1915  353
1663  509
405  879
1464  1905
835  792
1534  131
1839  1474
1566  1936
220  32
1856  50
750  1151
1922  178
1366  1841
1831  588
882  993
421  124
1126  289
1742  1199
614  847
24  622
762  1812
708  1689
393  1341
1661  123
450  585
1509  1809
1915  1638
1063  1201
1914  1416
784  1468
1713  1367
53  985
38  264
1746  1555
1692  192
933  1311
128  1605
440  1708
342  38
1655  1573
1674  294
1971  626
1757  716
1674  1110
1160  189
440  878
502  1579
1647  1303
1128  1009
1737  80
537  1936
49  859
1050  1581
632  249
986  313
629  93
395  1057
585  6
1931  904
958  515
1178  1032
162  1400
1549  696
781  1671
1884  400
1710  746
1924  901
1490  146
1015  1614
1508  709
467  578
147  60
586  209
295  513
1612  1646
1294  1854
1645  1049
204  1845
1177  950
1077  108
319  1936
1794  541
485  937
172  602
16  1644
1550  1048
94  1551
887  175
900  1613
551  1860
1165  1164
903  759
395  386
1670  961
1971  1537
1502  936
237  734
869  895
157  488
1008  174
1451  1276
641  198
1491  916
328  1079
16  143
226  764
89  1300
1160  1118
418  1010
1573  1606
1770  240
1256  1442
1693  1053
505  1916
1024  99
1747  836
625  410
1628  1579
1316  1463
938  1061
969  1047
1226  121
579  1618
1903  291
183  5
1293  1025
1890  625
337  778
22  931
98  1919
1465  196
136  1039
472  1730
1962  1406
1172  743
1154  725
219  588
1270  1918
158  906
1145  267
1172  1545
1386  1265
1030  792
206  721
1890  549
440  1465
1541  887
160  1597
851  1043
915  956
577  14
235  773
1683  1373
1901  1470
472  1563
303  121
1905  859
102  553
781  439
1520  1008
1541  745
1476  322
925  1906
1205  1502
830  446
1891  1309
1984  1918
1917  312
1512  1720
1059  492
576  1991
892  747
1839  1127
862  1185
30  1525
1640  773
1215  78
1374  1580
106  1894
762  961
1812  224
294  1445
1556  1063
1146  1474
383  1853
1798  982
1547  352
104  283
1716  1792
917  351
603  1319
1402  1557
1312  1289
403  1435
529  1463
1078  855
851  1744
1376  1496
473  362
540  329
770  1422
422  1023
94  1608
878  1667
167  680
32  841
1368  1331
170  1006
676  955
1863  1513
1995  1372
975  1183
1996  141
440  750
31  1643
229  663
903  1237
726  1470
666  214
1994  1955
584  952
426  359
75  7
1879  863
1865  1048
243  659
1253  500
17  1995
1787  85
1517  479
877  1798
1271  1218
1126  488
1801  1591
1982  684
623  613
54  35
537  1715
917  1285
923  93
1059  752
1941  1925
348  1839
980  1774
885  760
1049  668
1778  1991
1561  659
1731  736
1030  361
1213  1179
1520  1562
1245  170
1452  595
1064  1178
904  155
785  279
1647  323
32  1004
1436  1325
206  1887
898  1076
1342  1108
1869  922
770  724
385  664
1494  433
222  1843
1794  623
1525  1317
283  1082
1156  727
654  753
1622  798
708  256
710  755
1418  518
888  1857
173  1773
1705  486
163  501
114  610
1075  663
977  1125
1402  411
1858  546
1747  1556
766  1604
563  1375
637  291
1337  1931
1549  675
1177  675
3  1949
780  971
345  1187
401  849
872  1096
1157  776
1538  1386
1733  222
1824  55
62  374
1398  826
1732  751
882  1375
1826  610
1234  1217
755  1525
909  97
39  468
1716  1075
1950  1540
1994  1727
359  1417
1235  1875
300  1880
1162  550
1962  426
1696  205
552  127
318  311
70  1080
1232  1319
1611  740
1256  147
1376  1431
1971  992
336  1986
1459  64
981  22
1266  535
1230  1402
1175  451
1033  1144
673  59
1771  1313
798  991
1085  1292
225  280
176  1930
131  597
1692  1914
1094  1450
688  139
1313  1981
913  1373
670  1599
936  296
116  1658
1603  430
713  1671
112  529
1638  1520
806  1247
724  550
1445  465
1627  331
1318  1197
811  1978
895  1383
626  696
1451  1
1977  1743
1995  1806
894  448
1855  107
983  860
1025  657
172  325
1777  1922
585  494
542  277
877  1268
72  1222
892  720
169  483
1819  1445
20  984
1172  988
900  974
1828  408
744  888
1443  608
1465  620
1485  1559
974  9
1958  305
45  1193
1870  1253
1737  984
810  427
1811  1262
162  1725
1623  1844
1933  1606
639  273
1522  751
1886  1505
771  1563
1459  1993
314  1611
1942  1499
697  1072
1919  1979
305  141
85  726
1093  342
906  60
1778  1525
82  1710
77  1189
1997  296
1801  963
591  415
1221  1315
1822  701
137  1689
1693  596
433  147
1270  257
247  1198
1315  1370
1109  950
856  118
740  1734
1814  925
1664  132
188  616
1735  70
1893  84
89  284
683  1410
1472  1297
1198  1157
418  54
1364  1179
349  598
1304  2000
1505  124
787  1174
1079  874
753  1393
751  702
1476  1021
1737  678
1022  420
911  750
620  1244
657  1408
953  1746
663  1388
1628  1938
1048  1730
513  1753
204  1116
1094  1396
1822  1696
1552  27
477  1047
663  1448
858  905
1142  1114
1452  17
228  77
1498  1209
427  328
987  1835
290  1912
144  654
472  564
1829  984
282  344
715  1154
15  77
1383  1349
1460  33
822  1173
1409  565
1388  1037
895  294
49  310
744  192
306  1381
626  660
1584  1275
231  1933
115  1274
1749  1938
1656  1696
325  1253
1919  1650
1851  1037
107  695
1333  218
748  1672
617  946
215  779
247  1708
1662  1602
197  116
123  1980
1782  705
1477  198
765  229
1728  1366
78  545
331  1046
380  669
1495  855
497  4
1686  1895
712  345
728  133
319  322
949  458
1681  1266
1658  1702
1573  1435
1577  771
1286  1633
1524  35
402  1961
181  205
522  1191
1673  1603
1889  1445
371  970
249  1027
298  15
539  998
131  1976
852  804
1690  1499
582  1808
154  81
1956  614
1781  1130
1490  1388
177  570
1202  1777
1403  70
26  3
546  632
347  1062
1921  1960
656  209
1543  876
7  1914
1453  148
429  886
1049  816
1050  488
749  803
448  844
495  1742
1115  208
398  1158
733  296
1514  877
152  1857
506  0
507  1289
1411  1550
1792  1569
331  1605
1820  213
78  1549
1569  468
952  1338
1005  1996
1697  468
949  1216
2  1546
1907  267
148  1943
748  188
85  498
1815  1279
321  1217
303  576
124  1671
1994  701
795  1519
1068  1817
427  1358
677  1601
191  409
951  554
411  1351
500  1379
1452  1858
1435  1199
1958  1619
1597  1276
501  197
329  1088
217  1722
986  82
1416  960
778  1224
283  1274
1516  908
336  1408
516  1420
627  761
842  1424
986  800
1187  1994
1811  57
266  387
1200  56
1205  1765
626  1256
767  186
1227  1438
8  1482
1298  437
543  497
370  606
1989  1895
1317  457
1846  1924
1787  252
188  904
1148  907
1499  56
1240  308
1095  513
17  1776
650  1587
1312  1111
248  1019
1773  460
1975  926
1370  1588
52  1739
1016  1138
987  1104
1412  539
116  91
658  742
1561  1240
934  1492
1700  1658
764  1325
1705  882
977  1379
376  1252
1865  810
1818  1871
1153  636
69  610
1360  467
199  832
1271  987
901  38
1416  1871
1555  1892
1011  42
739  536
1959  1043
298  798
1909  1374
1417  1641
1519  215
862  605
1407  347
484  1326
380  1703
820  1048
836  816
1306  1683
946  960
1275  1213
1525  1760
428  967
1112  1397
221  1456
1873  652
1317  947
86  469
152  875
92  516
182  1416
1958  1629
1503  690
134  256
1798  1330
685  1499
1670  674
774  1213
1783  1511
544  1741
1535  808
440  780
1573  784
797  872
1899  826
730  1493
246  504
827  1056
284  1998
1496  415
1197  507
1694  1197
387  1114
824  204
1770  204
586  1158
1088  1507
267  566
922  1916
1701  906
1513  430
713  247
1206  550
76  1586
388  823
1539  1811
1066  1578
1100  1349
768  1826
1544  40
24  57
893  1648
1547  1954
1342  469
251  633
1142  1076
779  1130
942  1144
1602  1343
582  1964
904  1614
1182  1365
1342  1420
1375  887
1084  368
1947  255
691  883
685  100
1010  1647
1591  467
1856  1991
1402  181
607  1015
853  279
1866  1958
574  1406
1447  887
438  1789
31  1363
803  1927
654  26
1582  1525
938  208
1697  1189
1549  952
1641  541
1175  1416
374  1573
1208  292
191  172
1638  468
187  1338
545  948
1192  473
1762  1036
1466  1328
370  175
459  40
1579  14
109  291
1276  1636
1886  1775
1444  1727
1829  883
1014  941
168  28
159  668
378  737
1207  1135
39  1215
180  1879
121  443
494  1943
972  184
1876  1066
416  1509
1649  645
939  1459
267  831
848  1497
27  1011
920  1348
1352  257
1025  1891
870  329
1163  1593
12  765
1815  658
1078  1341
1116  757
427  1720
223  644
863  1548
1538  1215
1264  314
1867  1209
1976  373
136  838
81  682
184  1620
35  154
1721  1122
293  471
1119  1751
1505  1064
1152  235
1524  901
1829  313
334  389
1301  489
1633  735
1336  574
968  189
774  819
619  1318
468  766
333  1822
882  1348
1053  1960
1480  1803
1746  721
1650  758
254  231
284  482
1674  835
1351  392
1799  1612
1232  90
1985  1823
1653  519
186  1991
128  568
835  799
551  1353
1405  1352
118  1675
869  1558
455  1015
6  1967
511  853
182  1581
507  743
1334  1136
700  980
163  299
520  910
593  138
247  297
1844  1957
252  1916
1785  24
1197  249
1904  27
3  650
455  600
68  1297
777  971
1256  1748
823  552
1686  1983
992  58
1674  1242
399  1038
1565  1152
372  1124
1414  1547
1962  850
1831  1152
890  963
402  1373
917  582
474  1240
1606  1972
1218  1550
327  1332
1217  185
382  648
1257  617
350  1886
384  1823
791  1085
1805  913
1878  12
1785  1246
444  1156
665  1108
1233  836
1778  1933
487  1055
635  1372
169  915
1623  466
700  1312
1054  1705
1263  1810
311  1310
164  773
1633  1895
177  1003
137  1025
1126  176
1151  1829
1182  1943
1531  1142
1286  1182
1344  1842
767  2000
36  1231
1420  1136
1228  1749
512  562
399  694
1506  1332
1123  1826
1832  131
274  688
720  125
459  817
1744  26
146  145
1450  1022
1222  1908
3  1912
202  24
1541  989
1231  1787
915  976
1163  972
660  1211
1949  502
544  1775
1071  1127
1398  1120
331  381
490  891
114  257
299  1632
1962  522
1002  756
1603  1959
957  1446
802  1246
1858  1681
1386  800
9  1824
1341  1144
642  895
812  446
34  117
1750  73
1720  84
194  1954
1593  879
517  108
1343  1415
343  1528
1803  1397
1335  517
1741  1802
835  1960
221  1011
1168  552
1697  1276
580  1524
1580  236
68  531
617  1140
580  1491
363  1378
1847  111
1751  1405
54  476
601  1238
304  186
565  1874
166  1925
913  1187
58  1428
1360  134
1812  376
1337  1320
1099  136
1629  648
1456  419
1214  1498
201  388
1433  359
482  554
85  1706
117  1908
764  1961
1677  354
1863  1307
540  1731
47  219
693  1995
956  418
697  518
646  95
1055  1503
410  894
1128  396
34  329
1772  338
1449  731
632  982
1352  1900
956  560
273  934
1590  184
1411  272
1860  974
1803  1118
695  1980
1579  1587
480  1792
1578  165
1655  1337
1349  1719
1020  1684
892  1105
1580  1185
1495  3
1075  402
632  1345
129  410
893  1994
716  1851
1952  1006
309  283
1762  730
1961  208
894  197
358  606
620  116
1968  1128
171  1901
219  1377
1781  270
462  704
425  431
1198  1184
451  993
578  1542
435  1675
169  732
1460  752
1990  590
1487  1137
776  1150
423  1775
300  104
1725  1037
1480  107
1808  1463
1621  453
1304  924
1242  1560
1559  260
1876  768
1557  1248
1822  694
1383  1327
1552  784
35  1435
769  1563
1343  1927
1886  770
709  876
1265  591
543  1104
1487  1634
1793  1549
1821  848
125  59
1682  1071
99  652
33  724
1527  926
878  1778
1893  1643
915  1157
1241  1841
247  555
816  1530
958  1685
1908  761
1791  68
1149  1492
19  1131
1616  1201
832  790
976  1080
245  1830
695  513
1937  1432
1200  1417
701  849
995  1738
1837  238
1432  958
974  280
425  1037
159  7
1135  49
1570  856
1093  1335
1730  608
253  1390
1366  1379
1514  1217
216  1303
1082  1063
238  239
857  493
1188  547
510  211
769  820
1625  658
414  1906
1234  453
1644  60
1677  1876
93  1733
643  1138
1707  1014
935  1818
400  1108
1004  907
118  106
449  77
1177  1604
1601  1893
538  595
1114  178
307  712
1216  1547
1970  1935
1716  81
1710  925
949  1058
1559  23
819  703
673  712
1195  736
1792  157
370  128
1863  188
1060  1385
1549  426
1200  756
241  309
197  594
1114  1118
651  649
473  673
1070  450
1669  1785
1702  1226
923  1537
1701  871
1507  1938
967  1294
126  642
112  167
1523  108
765  146
694  1259
1707  2
1860  193
270  1392
392  1925
1458  371
606  1460
1356  382
1468  1405
535  622
340  1189
784  1338
1233  439
388  535
1675  1667
1322  860
889  504
1977  828
1940  15
237  296
715  697
1999  1633
852  682
974  1798
991  479
402  598
1587  928
1617  939
1918  1699
944  190
1430  1522
837  835
1712  1678
660  912
1857  154
1987  1827
339  1390
162  614
1335  110
1358  1074
1058  141
33  42
581  219
1202  597
1219  1237
1569  67
1577  265
1937  1343
1450  218
608  320
1747  687
1378  522
476  691
1632  1131
45  1302
1230  329
45  532
118  122
323  1460
704  1343
829  1298
100  609
1634  1134
1110  1797
1322  1381
1938  448
765  1749
1943  519
1979  266
963  1546
1831  1025
610  1778
112  1787
481  1141
397  8
694  660
1170  1848
1101  91
1495  52
721  172
603  887
1868  324
603  741
1900  496
1072  789
1852  428
323  1356
608  163
1024  1310
806  800
1814  239
299  1350
775  87
1877  83
20  195
125  462
906  1605
200  1970
1846  737
1009  679
751  670
1199  1327
83  706
1098  29
1005  1815
1794  1084
436  1071
1253  1332
677  266
283  1832
1470  988
1553  1233
1926  1381
522  1522
815  1385
1872  1948
1202  889
680  1974
890  1254
1129  443
52  1475
1735  675
1149  1314
683  213
1540  389
230  1691
1007  1746
1261  1838
137  1797
1912  284
262  1034
611  108
474  1184
303  901
141  354
918  582
674  1030
1038  1027
1613  875
622  454
1796  1660
1258  275
1959  734
1464  72
1782  1909
1197  1395
183  545
183  1132
830  1177
964  24
158  1672
374  1001
1483  534
244  438
433  325
1524  60
1556  1033
1698  938
1521  524
863  1535
213  1445
973  1988
970  543
1620  881
890  653
826  1198
757  1705
626  1977
770  252
576  194
119  253
818  1585
1246  1761
80  1967
827  899
1954  1482
1735  793
1120  1843
975  1120
1071  46
132  270
589  1162
1750  1653
1749  1070
172  1273
387  1954
1943  742
1683  955
580  256
1134  1774
848  1645
888  483
1992  1793
649  1943
1778  961
1643  1030
1930  1604
523  1132
1094  116
346  1257
1072  610
1673  94
560  1307
203  616
1013  158
897  546
14  1296
1745  1200
94  720
106  1377
287  265
998  236
1717  1269
169  137
1340  429
76  1362
520  929
444  180
1923  1965
1843  648
1136  1626
1124  138
1916  1510
1450  1687
806  873
564  509
1162  790
64  1800
121  760
641  992
530  1884
246  1903
1635  1671
7  1758
1783  1825
580  423
1894  869
1208  1540
1321  1292
1456  241
236  943
952  1711
1816  1664
242  1686
348  1587
1377  402
1626  1141
862  449
1737  148
1581  820
1232  109
635  45
1493  376
1827  163
1056  147
1856  373
1164  635
362  381
1003  1673
1608  1160
698  1587
254  732
839  587
1898  1574
1670  35
545  1374
1914  221
1269  604
1537  1816
1270  1626
358  975
693  963
406  489
1048  1854
147  915
815  363
603  747
797  1512
1877  693
1383  553
1565  1446
523  1265
1550  1761
1650  861
518  1611
1897  47
687  1717
30  1740
930  1362
138  341
1632  101
1044  463
129  1512
1241  178
1361  1254
1623  1500
1192  499
1929  102
1723  1983
1621  1954
170  186
556  150
1633  253
206  1961
180  1028
640  313
299  1492
1454  903
742  1736
114  1773
1006  1384
861  25
1817  1297
1106  996
930  590
414  1561
1103  926
1998  1651
1094  1139
1471  601
779  1806
230  1155
282  1413
419  1176
1431  1245
627  1201
1697  863
509  781
292  1274
65  922
1730  1596
1259  1653
1978  372
1631  1385
1316  118
1871  1743
1158  1192
1408  129
1849  1680
1351  662
497  378
1414  815
875  1237
1525  976
174  963
294  975
1454  13
476  1545
78  141
1027  1532
1692  1332
383  192
1443  1179
1419  1980
639  206
1074  1384
0  602
766  1566
192  656
507  606
960  116
621  1950
1167  193
1057  1313
1376  1242
1264  1162
1182  1046
1903  1059
173  30
432  516
839  373
1341  1231
371  1131
1647  658
1254  1795
1673  798
1080  509
1180  620
129  145
1680  1356
487  583
1736  1009
1091  1608
1921  321
721  1365
566  1261
434  1174
424  259
479  1553
709  241
178  934
924  1613
321  44
1562  130
439  980
306  992
1718  457
917  1099
480  113
132  1516
1883  1889
1077  1474
535  1505
1351  779
445  1383
1748  74
1928  1432
99  424
488  1678
1631  1450
1529  1292
1775  1857
876  399
1029  1516
1337  30
199  1428
1924  1520
1461  279
1457  774
765  99
1512  1451
693  1472
1446  1131
761  64
1580  1748
562  1468
917  480
1343  636
1325  1218
1427  1620
36  1022
1796  78
1469  875
1441  1039
1917  979
286  501
1587  1790
550  853
1290  1765
81  1832
9  912
1709  665
531  1046
866  1367
306  894
274  1346
783  1817
1715  634
1148  73
13  953
767  994
995  457
1339  1997
1029  1741
198  1818
1505  772
1994  657
723  234
312  1842
895  1250
160  1429
1156  543
735  977
1425  894
316  1236
1185  1914
533  1866
1603  1287
713  177
712  1440
1286  1236
824  1545
76  1703
1090  1377
1101  1325
158  1026
74  354
1450  1481
12  285
738  1011
139  568
199  1850
471  974
1333  21
987  1868
451  984
1497  618
1996  212
922  1344
1307  9
743  1461
1193  1659
1778  483
1069  642
1661  707
1454  1136
1499  1246
30  1933
1829  212
659  1787
969  666
1205  676
1088  796
832  1077
277  75
124  1642
1851  587
1437  1946
1186  1315
626  1131
561  815
1076  586
1259  1267
353  1149
1861  1257
808  1671
1382  86
196  618
191  635
16  1727
1568  1479
1593  1064
1968  1996
1385  1983
1469  1459
485  222
1028  174
1928  1630
499  416
580  708
1175  809
1195  1878
1085  1795
1695  921
447  1639
1451  1456
684  1067
1095  1168
1324  484
2000  382
1181  343
506  609
1982  995
1347  690
541  268
1636  1797
915  416
1094  762
330  834
1308  833
1078  1642
1556  1178
37  1690
896  379
554  1655
1836  1374
940  36
334  242
1042  433
1939  635
1892  1080
1575  201
1363  1970
379  780
678  928
1445  1111
784  1759
1254  245
714  174
1099  132
557  542
317  1118
1556  1674
797  1908
217  2
797  1074
775  1821
164  169
153  145
1639  1496
1174  1307
1948  1061
726  1975
309  1091
941  1615
1606  1448
184  1959
848  120
1500  232
1525  336
714  851
373  481
1225  925
335  1580
