10000
303  288
162  1191
1041  893
814  39
18  1100
442  80
1523  1190
824  1277
1137  1900
1026  1757
831  1291
463  713
1365  943
1712  493
403  707
88  236
1640  1453
1299  992
1300  408
103  1276
397  1727
503  120
377  1431
1146  727
290  1043
1379  865
10  581
1390  477
736  1184
613  1240
1580  671
1232  567
115  194
886  1703
1283  678
761  209
1250  135
807  4
1628  986
826  253
199  1799
1428  1933
1293  1605
1502  1332
87  563
1740  1587
7  325
721  460
829  1557
706  1614
1349  1137
1685  906
469  1530
1404  1073
439  1601
1888  1684
549  1807
560  1982
123  257
156  248
808  1904
141  1352
1320  1065
422  174
1067  548
387  1598
1330  629
1478  640
1168  1428
1014  1207
372  1160
1748  329
87  1746
1292  1505
1750  689
1162  623
524  1536
1177  240
1273  950
366  1974
1923  1202
765  1553
1809  922
975  1759
1041  247
943  594
670  1441
1835  270
1101  1609
1720  777
1463  1869
625  297
1830  893
1059  1611
1965  146
1222  1956
1347  1004
246  109
1653  64
946  468
927  1076
421  40
1183  972
567  679
1636  884
381  609
1460  1272
353  1989
31  923
94  164
490  514
621  653
751  1056
623  1010
1340  1701
564  635
1874  70
1267  1150
1806  1719
635  1884
1350  1259
1642  1099
506  1267
1934  890
70  886
666  573
63  936
262  1737
996  93
1780  760
123  339
1345  181
1174  411
53  1495
1020  493
1961  501
584  91
1107  601
151  1252
1746  11
2000  355
318  1997
1811  164
754  696
126  1241
1938  124
958  1249
1079  483
1501  943
321  931
484  1418
1433  1505
137  890
696  333
389  342
67  1060
1777  618
1583  835
556  1953
508  633
88  1156
1267  964
1684  51
107  957
1867  1960
127  846
51  1080
124  891
518  21
374  1733
270  431
1321  1669
218  1323
737  1619
782  1883
1273  1389
1527  1832
1645  1238
448  38
255  1535
799  522
1386  1867
1520  1459
920  1959
821  1293
1293  353
1546  1867
1475  458
627  587
548  1964
838  884
1248  939
2  721
701  297
1313  31
1870  1244
115  748
720  718
751  1613
704  1255
1122  1133
736  481
105  920
1320  275
1296  760
1370  1944
1961  1274
1006  1704
146  1506
1347  418
758  82
73  251
350  1225
1465  698
237  1773
999  1156
1879  1042
740  604
744  1222
1679  363
1967  511
425  1180
140  987
1923  288
396  998
1098  243
74  566
1268  1262
1921  1886
752  377
1005  467
27  1400
1632  658
1765  1342
169  1601
1287  1645
1619  819
1733  847
1714  1743
1720  405
1969  1290
799  1224
1082  332
680  235
12  226
1538  337
1020  1474
1057  1431
106  88
1315  1366
1948  1004
1248  268
443  49
19  212
714  921
529  1888
631  1008
1047  727
1860  1691
1812  1929
1653  216
984  1232
1870  259
405  438
1737  992
1989  533
523  718
1561  1745
1893  70
1262  705
548  390
1262  495
1225  1509
1517  1531
983  1144
892  1351
908  1870
1363  1742
215  1830
908  979
588  1837
1914  1630
207  1096
1729  1775
524  1159
1375  1350
1376  607
311  1750
324  150
1527  431
1840  1211
1  1557
109  799
428  127
286  1371
1568  43
1590  1144
1949  1100
47  1119
1353  449
164  1793
472  705
1903  1742
1847  756
278  586
1054  1620
1911  455
1462  677
1670  1295
1218  570
573  278
391  1390
1086  1948
133  621
1634  1444
878  1751
1705  1817
812  1290
165  626
146  1233
1161  1647
286  311
1933  7
787  67
1293  1757
1895  564
338  144
1860  404
754  1255
1466  1104
540  1202
1733  1437
396  1169
1208  1643
146  1260
17  1463
229  328
196  1568
269  1412
1977  1485
387  922
1885  901
436  834
1668  460
561  1991
163  520
298  146
1059  854
1517  1181
1704  791
147  974
736  268
151  1334
1156  1837
1149  1232
1775  847
1799  345
1785  575
1375  1318
947  744
925  1661
1042  730
531  330
1376  967
637  1840
467  24
1709  1293
60  1807
1730  636
398  905
992  1769
948  1460
1231  1030
674  534
650  913
1476  1120
181  271
340  200
556  1644
1775  1016
227  1374
826  719
1145  446
206  1666
239  759
53  984
78  660
74  1103
1333  359
401  2
1800  1601
827  1500
1852  1115
1959  1871
795  1069
1607  1127
108  497
28  907
327  1959
707  1046
1345  291
1385  787
1000  1845
369  1077
399  1335
1511  827
1372  115
991  919
31  584
1162  1482
1441  1083
94  340
1577  1550
1671  687
706  1194
831  1859
1298  622
332  464
1264  1469
804  834
838  1075
1590  561
1481  1002
1488  1717
748  943
964  1615
1121  1790
352  213
1851  1920
404  1092
1514  668
1970  1531
1871  1799
1782  1608
1323  743
1379  1040
1738  1961
1761  1194
1063  1840
160  1122
1117  544
16  721
1779  1524
580  140
1510  675
368  759
1411  463
1023  344
990  1059
957  27
1006  503
504  1649
1254  196
887  186
1853  430
1095  1208
1250  1258
643  1247
582  167
757  1791
1651  77
273  1927
1615  1877
1772  531
1982  1800
1048  294
705  676
1191  531
766  1099
526  929
1979  1673
1636  1616
375  989
1704  754
1724  453
220  174
552  919
1220  1888
207  334
1556  39
200  1204
1666  1802
1691  985
1762  1468
297  903
1292  1952
657  1067
1671  369
37  1457
166  1593
88  854
898  1044
954  1044
1571  1840
1644  262
1790  1052
524  1024
490  969
69  974
369  1125
67  1743
336  1060
1712  1614
1  34
585  116
1224  866
456  1284
310  666
664  1936
1422  11
1669  602
1674  1994
59  640
1908  1424
1219  1181
500  1834
1030  162
43  1870
740  1793
703  322
1858  1866
463  207
1417  1485
1805  798
959  1083
1131  138
1924  571
1229  175
1747  932
1493  763
800  689
1961  686
1202  1973
699  120
861  782
864  588
100  1071
362  968
1870  441
673  1294
342  1380
248  708
478  176
629  900
874  1837
618  127
165  90
379  420
1582  1240
909  1580
1739  1756
102  1978
1440  1035
1398  432
171  783
649  856
385  784
360  1550
1780  1764
479  839
1079  488
1808  1860
1445  1665
158  1789
1297  1607
733  1702
1557  767
438  1053
161  884
531  1140
499  459
1458  1430
792  501
1130  170
615  958
1908  668
1479  759
864  82
260  1509
51  259
1627  1533
1314  1556
945  1772
1902  1521
1061  1525
134  226
1087  1875
1956  664
1819  1424
872  366
1457  438
1217  956
484  774
716  981
110  524
1350  709
930  1032
422  379
922  366
1201  865
877  850
1898  444
1908  1262
56  1904
854  808
211  524
31  1898
857  207
1711  477
196  1826
1929  946
1494  597
585  233
37  16
833  920
636  1954
666  829
513  1984
667  670
1808  1341
1201  1087
621  1872
1532  380
389  1043
787  934
986  1572
271  821
996  327
1713  451
1313  1757
1006  324
1017  16
163  1290
880  1302
1394  1868
1621  1320
704  43
449  1989
185  1409
480  1177
554  680
759  953
1039  294
434  474
1798  743
1778  190
1437  1708
633  1491
1506  1600
663  133
934  1481
1137  208
82  1082
1334  1272
535  790
19  359
833  1070
1726  595
1319  584
876  140
1021  1649
656  1028
835  794
1769  1159
741  1312
1665  180
502  416
751  1885
1357  282
1467  717
70  1168
1964  1796
1457  851
1931  1265
1598  230
1538  1385
902  918
978  1121
1735  467
360  1103
1948  41
293  599
1624  500
367  25
1390  999
239  341
24  493
1912  808
1540  563
503  534
571  1991
1921  833
32  1656
295  565
1869  611
482  1848
1804  1014
1169  1663
531  1414
457  1638
494  1392
1209  929
595  1661
642  722
1574  164
1183  1519
1387  204
1770  1912
933  442
1109  691
683  663
1055  425
439  308
1643  1039
1061  31
1492  943
524  636
1291  1873
94  1173
861  197
348  599
1762  321
839  1020
1007  705
527  1929
178  127
1470  518
1701  1643
192  1992
1069  1361
462  22
211  838
1226  679
1114  325
673  1389
154  1713
1852  1428
304  818
184  1400
1424  811
1598  663
1596  54
1444  767
1170  928
677  697
960  976
1979  118
710  1530
1054  1675
654  1870
1333  423
23  422
1638  1347
1744  90
1985  1837
1424  879
847  164
791  759
1959  0
1070  780
218  1532
1244  1822
273  935
1956  1182
790  1303
107  179
1542  704
1245  1023
1484  1848
1309  1349
903  635
89  1350
469  751
533  287
1938  1476
638  1569
1485  1281
184  1720
666  217
1102  1991
1761  1660
39  1412
1986  1171
442  352
287  1064
1360  592
1285  603
475  956
630  33
1196  1238
1971  139
604  501
1038  515
798  1029
1450  1326
717  1165
1661  1755
1307  894
1255  1902
479  972
481  954
1058  1008
1642  504
1970  1772
454  1995
1880  318
1815  628
951  1879
1211  48
1742  148
815  1593
225  1895
1668  1268
1581  782
909  959
1158  118
1748  630
723  1765
245  1822
1709  958
1697  1119
1064  1033
1081  1617
293  1095
490  43
213  1927
319  260
389  1938
1099  514
826  382
1326  895
1155  687
945  642
1364  944
1723  1593
123  713
1650  739
403  799
1979  143
834  1225
1479  822
49  715
365  450
972  1268
1613  446
443  1097
809  0
1232  1309
879  1781
723  1546
1806  66
1856  846
206  1958
949  389
1029  1325
1179  918
517  1031
392  102
860  1505
333  1941
1425  797
396  1395
729  1850
322  1996
187  1173
638  507
1810  566
1398  1955
1621  136
1769  1268
248  1701
346  1725
1320  1856
66  814
1316  800
115  1160
618  905
604  1611
1589  123
1157  695
263  847
1940  884
442  666
1468  867
1987  1345
1144  1884
1979  1964
1160  1815
669  1064
1461  1406
1779  1815
1225  1499
1843  58
943  289
1439  1380
1726  659
1251  1194
35  1832
1890  325
693  1551
1069  1392
907  257
772  1561
476  1866
404  224
964  1714
58  1333
932  697
1781  1464
1082  231
291  761
813  445
1441  1631
388  1582
1794  1663
1906  275
1473  1436
1536  393
1159  525
478  684
1549  1784
1534  1307
1295  997
834  247
327  874
755  1194
1434  933
1096  923
659  3
223  1249
1790  1630
1717  1971
1112  438
1792  1695
1667  788
564  817
1103  1339
555  1488
1420  1150
790  1446
858  1721
321  1403
1649  1026
366  445
1573  1048
1881  1149
876  960
1554  161
635  1493
1973  298
1684  1157
1399  232
458  338
256  1608
732  1583
961  1030
1124  1630
841  194
895  1851
572  1066
1682  1042
968  1220
447  1735
675  1582
434  1779
23  1360
1073  1065
440  212
1658  1120
1132  1922
1995  775
66  85
422  254
640  1466
960  857
1192  1057
108  362
1244  1749
802  1377
449  82
1473  943
473  636
786  340
1935  1104
946  1098
155  1412
763  1122
330  1057
1191  204
1558  827
64  442
160  1672
1902  900
930  1268
1485  187
737  875
310  248
417  700
1602  1188
1614  1635
284  547
404  155
705  1019
1278  376
409  660
1866  1123
105  1527
1861  1369
1349  879
879  577
1546  709
1554  1465
322  1098
969  1784
604  1338
675  1881
1592  555
574  422
629  1878
1454  309
199  26
1315  262
1514  154
1573  1003
1407  1999
822  1628
233  13
1606  1580
1446  871
745  1829
1037  1223
1350  1840
1383  1053
1606  547
834  775
346  1196
1379  1384
1595  21
299  8
1831  1684
243  1592
843  1436
661  357
1413  964
742  1148
1275  95
1745  1174
1464  304
193  666
1028  797
1714  208
1460  540
265  635
196  514
323  184
213  1854
1938  411
636  851
1513  1756
1757  1363
90  1212
1874  504
1575  1769
1196  1646
1934  1359
691  922
1921  1738
1385  45
114  102
1372  800
165  1057
1263  1706
1717  1551
562  682
476  503
351  1525
1760  1536
1024  1039
1026  1255
196  1437
1482  389
93  498
93  631
1275  585
1224  890
734  1262
1652  1621
1842  532
1616  1680
1968  1296
1715  1462
598  1684
1969  1872
118  1179
279  1807
1758  1089
1663  746
1450  1280
608  1569
562  842
1408  1739
838  238
1980  1614
1402  1315
225  64
523  1906
1820  1889
699  515
1598  1121
97  1571
1113  894
1273  348
1114  400
22  1037
680  927
1350  245
1692  569
1606  1622
709  1610
1807  692
1240  1125
241  1422
654  1540
593  1180
834  1439
397  877
1414  1094
1321  162
1348  1682
779  1572
328  155
327  1466
1936  7
1973  1565
1334  705
557  1022
1550  1892
1801  1766
742  1937
752  708
1422  1587
1513  663
909  670
978  1160
1815  585
1745  231
610  167
1228  347
1636  1750
1759  1278
356  1187
475  1412
23  958
1706  1037
1888  806
34  377
1415  79
82  250
363  597
388  1773
417  732
1065  560
762  393
872  240
606  799
791  1176
736  617
1103  1643
1155  1704
397  750
214  186
1248  1431
1541  1798
1751  967
1396  897
907  1131
1117  1137
1617  1564
175  26
740  637
1586  34
1233  580
1713  296
407  182
1718  1070
368  471
1693  1556
409  396
402  1696
251  479
229  366
1459  195
746  123
1595  250
1709  982
1019  1126
1384  246
351  1050
1422  1553
1900  1001
786  1070
1096  1650
1428  1676
890  416
114  1517
1816  1815
1061  1548
99  1109
322  1730
1506  955
1921  470
33  258
597  1964
1158  736
1454  729
288  719
167  940
855  1793
723  1693
1976  1175
395  1621
166  1769
996  353
186  1750
808  597
946  1490
263  724
74  346
255  1486
291  1580
656  523
1843  1513
979  677
204  341
985  1273
1802  8
1563  1669
1327  175
1430  1641
1459  1758
1434  978
1620  1117
662  377
1934  859
315  1677
289  310
1734  1014
1576  1767
562  923
1861  1703
730  1640
860  1774
958  1708
1215  456
1307  748
1416  335
1644  1023
1444  341
1587  379
1388  788
1750  1060
386  798
701  1144
1790  939
371  263
1198  1293
356  1195
969  614
308  1646
1526  1339
276  911
146  1218
481  1769
1456  1336
285  1427
1283  429
877  1045
1444  981
1271  1608
1775  977
1234  441
1679  1288
1613  1119
1287  1378
1793  466
1935  384
625  1474
1321  714
255  1416
740  753
1796  663
1949  346
484  614
531  263
756  681
529  297
217  1885
1012  1565
1869  1930
1565  350
1300  1373
1596  200
1226  1800
1169  1166
1069  123
834  147
107  947
298  1228
147  1799
1498  394
1687  360
111  790
585  1349
597  1009
1822  637
1976  160
753  1681
166  988
1617  15
23  761
1947  436
855  1340
290  714
1300  1768
571  1525
557  1119
948  958
1362  37
1672  1417
686  1843
418  1004
1154  1658
7  722
309  1325
1042  1156
1662  1860
313  451
1398  1120
72  603
590  1253
270  1889
197  709
556  1269
1966  1394
788  93
1819  1852
682  693
1911  1126
212  54
1495  1114
1986  473
1782  1367
507  1214
709  486
889  86
1372  306
1768  1904
563  453
452  1001
1280  902
298  1116
245  1678
547  1980
1704  363
1026  570
872  1687
662  1604
1274  174
821  992
1418  643
1787  152
32  1768
1385  195
231  1860
710  1230
74  1069
734  1153
625  1445
1465  1328
851  722
61  529
67  1802
758  1826
841  253
867  984
1749  1891
623  740
548  286
1149  1949
617  430
315  1599
328  1429
1533  415
198  1169
681  1748
91  1260
1113  743
771  1959
1675  1293
1426  604
759  1361
346  1632
1634  1154
1901  917
445  1856
1234  912
1065  1039
800  62
1322  1194
63  2000
1570  962
942  599
29  1462
1722  619
1445  1967
306  889
1787  274
1315  760
239  1444
523  338
189  680
1282  745
152  414
863  479
823  1630
1322  1623
534  1170
1879  336
6  1052
634  1265
1016  183
879  619
913  1023
1018  264
854  606
620  1828
926  1688
906  763
1193  851
321  927
1742  1607
1385  1514
1154  812
499  799
1625  760
1326  1910
759  1575
572  108
218  490
263  975
1199  1212
81  1008
17  244
220  1683
1631  614
1389  812
890  250
466  327
339  802
1711  1375
416  1646
215  1111
812  1338
1006  1838
1672  674
1405  1554
1629  1571
1636  1151
753  1027
1862  629
1512  234
804  325
495  400
1043  721
1200  1940
1816  381
247  803
1008  1908
820  1119
1445  231
552  1119
1563  61
322  652
178  728
1743  1034
340  1845
1074  1191
945  599
1427  1566
881  1737
104  1190
934  398
1890  879
535  723
390  1292
115  1045
1608  694
59  1276
1246  1257
1966  570
58  1986
202  901
1338  1460
1472  1079
120  412
176  765
442  1743
993  630
944  1284
305  1450
700  1961
1692  87
1924  271
1104  582
1886  1660
1492  1498
696  739
1952  638
1332  100
73  323
873  847
816  1760
1356  890
146  381
214  806
1364  983
834  650
1270  1257
557  1796
1570  195
371  342
1108  881
677  1275
1596  1777
1381  1239
723  1559
1046  1915
1129  1900
888  1421
1878  768
1134  1950
985  221
482  431
1485  1682
1150  806
1067  1493
313  1118
1077  753
333  1521
405  424
340  1046
3  1953
1861  1540
1105  1529
1186  1900
82  935
21  382
892  1623
1448  508
1065  187
1536  520
1280  884
986  1605
1931  1730
1746  1818
278  1568
924  1348
1508  614
906  1456
272  532
1614  1400
113  134
526  1337
1953  1445
645  458
1831  916
227  1839
462  1997
438  130
67  551
485  1940
1886  544
521  1868
1685  903
302  1028
204  230
888  94
1821  1848
67  964
981  1463
304  1364
2000  745
586  437
377  63
84  1077
1482  1509
920  592
321  1646
1508  1132
678  255
1723  1765
1177  788
1197  831
577  677
872  1003
876  1227
196  706
329  436
196  443
1291  1568
616  1434
231  266
1891  500
1542  72
1768  7
1872  1785
746  269
933  758
1106  90
1211  1141
1409  1086
1265  1060
930  233
511  411
265  176
287  1139
1974  1978
107  315
58  1371
1041  800
461  1473
1287  216
1112  1572
588  668
1494  1987
1378  158
1299  848
199  1359
41  1595
166  233
1883  1374
1585  684
579  1056
645  1160
475  1396
641  97
299  502
288  273
872  853
539  16
1552  1423
599  1047
1759  1804
474  125
414  156
529  821
730  1351
1537  1253
1253  1711
841  977
1366  1460
120  683
1546  1429
806  1019
1098  1894
5  1446
158  0
1404  401
1173  1252
1004  1279
1428  1264
1388  1869
157  1608
187  1091
910  1118
935  1509
1784  1931
1739  731
1958  37
1141  416
682  1667
1032  1145
198  156
700  822
1686  443
1762  1055
383  1160
1797  361
406  1405
1663  1054
452  459
901  739
1802  1903
1382  1018
518  1436
893  785
40  1898
1094  957
1419  689
108  657
1142  1750
1818  1993
741  1658
1992  1289
576  1237
687  1611
320  765
866  671
1278  1225
612  925
1354  148
1240  407
312  677
585  1959
269  1268
43  1844
671  1487
1374  1433
1802  1881
946  1390
978  1805
1424  1482
1552  1957
1688  1642
1897  1571
198  744
983  1806
965  1711
261  861
1306  563
572  1753
842  160
1659  551
1984  1166
1576  1038
796  168
1726  718
57  1169
1394  711
1864  9
360  906
320  1102
1392  934
413  1456
1261  1245
150  1174
247  357
1478  175
191  1173
197  430
967  1582
522  1559
30  316
1525  1291
980  1006
1772  1012
1898  1218
1618  1217
1148  1747
1850  3
700  1252
1251  848
1747  965
168  1160
662  1244
1327  1283
1443  330
423  1845
326  1002
23  1809
483  626
226  324
1386  348
1548  1002
188  1589
1302  1097
1108  1570
1886  369
1888  361
1198  1099
450  1422
1556  1743
371  940
687  1325
1571  801
1457  1831
1300  1648
699  1297
540  1288
386  1685
759  806
1125  692
1763  1440
210  463
921  1135
663  939
167  222
192  1467
219  1914
1510  1048
604  1397
1488  766
405  1061
1781  1571
321  1442
524  652
1090  435
515  1806
842  1155
1448  380
400  691
296  499
220  1268
1024  286
694  1580
588  1584
1609  405
1597  1650
1489  1914
1490  1518
1618  1846
709  1655
991  931
236  1001
1922  1491
1544  1725
1587  1355
1072  1942
1294  951
554  1097
56  650
1220  1660
1606  1075
972  1062
1353  669
1978  928
837  1472
1583  1254
1419  483
929  1958
104  1833
435  1649
256  1377
1985  499
115  1458
973  773
1942  965
202  1369
947  1940
1625  1956
1441  700
735  308
1350  908
1870  724
1897  802
339  689
171  712
429  259
1795  595
212  1500
169  885
79  521
651  349
1672  942
523  896
217  903
1289  370
1382  659
447  1958
1687  1129
1648  841
901  1236
542  1202
989  1111
1714  1996
433  1717
955  1082
101  1625
1489  683
1193  1203
1895  260
575  1766
189  1567
980  1410
452  1030
1937  1848
1624  1651
1344  1593
510  450
1929  350
1893  1924
29  399
1246  1723
916  1434
65  942
334  185
972  107
525  157
1501  627
1210  483
273  1165
128  87
1065  1468
1306  1100
1633  1626
1129  1733
1230  316
1914  664
646  1976
282  213
97  1930
1237  1593
222  1564
72  961
223  1369
14  1579
494  1083
78  1445
1803  475
910  1349
1978  437
11  1703
66  133
1071  1617
891  1940
119  356
99  541
1757  1042
1260  170
520  348
1966  652
126  1799
357  341
1341  1106
704  1617
1904  1343
55  1487
266  820
687  1956
965  1605
716  2
1942  1595
1461  1441
1639  642
1287  1545
1009  735
723  924
394  1206
1477  1072
474  994
1996  128
1723  518
1679  1247
1747  1479
582  1584
1266  833
817  1902
1005  96
679  65
647  1494
798  169
471  850
771  1345
589  765
77  222
543  1521
1041  1359
771  714
336  1031
811  1138
122  11
1599  381
973  613
1478  136
1488  1278
1168  1711
1779  1299
194  1215
1364  300
583  817
1382  648
1767  737
1149  1435
676  1178
1472  1533
677  1640
1279  647
1905  1946
1766  1325
722  1144
1145  1009
468  667
834  1378
1694  1414
1521  363
1233  1767
1156  344
1299  1634
1275  872
1249  786
764  786
1308  903
991  964
721  436
967  1465
886  1773
514  79
29  149
785  1558
94  1606
463  1780
961  984
1129  40
1761  918
364  352
1975  314
883  1864
1637  883
1848  1034
190  1231
1614  632
645  1514
34  1831
1524  1766
378  1407
1646  444
1680  1108
1358  322
615  1635
521  143
1938  401
495  1264
428  1205
1780  338
1211  1224
1815  1427
1842  150
1344  1904
715  437
1879  1908
459  1124
1289  629
569  1431
1702  1559
1088  394
930  1734
1555  1754
1469  708
1753  1701
1554  1302
207  1716
681  627
1334  1507
488  1489
1221  301
1117  1552
333  1596
1918  772
1348  245
506  1194
890  1400
863  418
1951  1721
1339  1612
587  427
1801  1744
368  1346
196  358
1289  113
1963  154
736  1534
1656  1267
1874  5
1668  1019
1741  593
1127  208
1500  1041
1391  1239
1793  1625
1244  767
367  475
908  244
112  1571
186  178
147  794
803  1741
224  241
1337  1829
1969  1813
1076  123
1431  781
971  125
1336  40
1422  561
1344  655
1419  699
250  718
618  586
1676  1731
1105  113
1152  848
499  984
817  67
1954  974
740  1125
1965  1241
659  1843
901  1759
639  1437
159  1979
1997  1499
1790  361
1182  1137
1077  963
455  1807
1496  1672
639  874
1011  1179
1879  1473
1966  399
560  1994
612  1579
1714  352
651  1420
912  830
894  342
1815  133
1071  974
1361  1113
1063  1090
1291  1440
1320  1108
348  1110
1605  338
1152  1816
1474  920
1931  711
620  1544
1821  366
1948  1894
1741  376
386  1570
1747  1900
1087  12
1892  59
987  1337
576  1252
1345  1179
1428  27
1864  1778
1833  1764
1845  1046
437  1748
597  773
744  781
894  611
279  640
1872  568
1491  560
1677  788
1424  396
1894  82
1930  545
979  1105
1253  1043
1301  278
882  1215
1353  948
1345  1573
1265  15
564  581
1660  1289
415  529
1323  1520
678  997
578  1739
1643  902
1197  1113
1470  1081
311  1592
921  1032
827  310
1528  83
392  402
319  1390
166  151
271  53
1006  1345
1837  338
1938  1243
121  1859
1021  318
355  1306
1511  1554
1263  1662
1356  1772
1947  134
1985  1788
730  142
855  449
266  744
620  180
1694  769
771  1634
1502  265
1571  806
585  192
1381  1293
202  1625
645  101
624  57
3  1157
1411  1680
1978  1093
1553  1958
34  1656
823  877
1724  428
760  1924
375  40
1441  437
389  1036
773  1207
811  363
395  532
1192  1844
926  116
980  94
1513  279
364  1779
1068  537
1530  1187
502  1769
1432  1976
1541  1103
1833  1996
1702  1773
1359  556
936  541
383  490
67  759
918  536
1416  1163
974  1581
1277  1349
399  1253
1412  1717
658  1044
832  1726
341  1163
178  1534
1851  1300
1276  191
392  1527
20  707
1414  766
1000  1045
213  1656
874  1079
301  504
674  435
1004  1415
117  230
1886  1298
87  1516
1570  916
429  1465
239  1294
670  1835
312  784
1667  472
477  369
848  343
1907  445
652  823
1599  1265
1593  774
1169  1372
1969  288
1408  1890
399  869
1029  693
634  602
379  498
809  1060
11  1081
811  1368
527  246
1328  1671
1049  1455
6  195
795  66
1538  904
1604  1475
970  205
226  81
1039  1457
200  1999
1607  1223
466  939
925  1125
1349  717
276  397
1424  1307
865  1366
1212  1274
646  1153
458  571
90  189
1730  1377
385  1440
1227  1588
351  663
364  967
1398  628
1653  254
708  346
1725  138
648  406
1460  652
1611  888
1117  1250
677  812
105  374
1603  1870
512  418
1381  1115
1142  1092
1918  1309
810  1911
337  1772
1043  1083
1676  617
223  2
1793  1459
488  1232
1767  988
415  354
1658  1796
1561  516
1362  1981
1629  1027
773  1293
703  1362
1651  252
1114  1135
736  1101
224  1730
243  340
231  561
927  58
528  1116
1083  1415
795  895
524  1976
175  1107
1989  832
1186  506
1665  1361
1445  1136
684  539
1703  1187
1300  440
1845  78
1854  268
1210  1042
1582  870
894  1568
198  771
1813  237
1768  320
81  746
1440  717
494  1365
42  1873
10  1889
1077  117
882  909
870  888
928  31
1  1772
1929  964
160  1081
441  854
705  401
1381  785
1810  1148
1337  769
415  61
1589  733
330  1037
1364  1534
1806  1352
611  171
1944  1812
1246  1097
1061  361
1362  933
805  1757
1692  955
1455  582
1925  154
970  1976
166  382
818  988
1109  1916
1132  1739
826  325
984  912
537  1943
643  1134
645  1527
1480  1277
829  790
1274  1616
26  1759
982  1844
1120  1065
140  792
1259  3
389  1916
1822  114
1730  1470
1889  276
564  354
1202  1665
161  1504
1996  605
1573  1479
1893  1328
1091  1478
1463  183
1684  1689
275  48
1315  1920
304  1522
734  1080
994  649
4  444
237  1573
873  705
1902  1472
293  1421
648  1104
1563  930
371  741
357  1448
1303  1472
1788  953
4  1732
1622  1715
1251  1054
859  1426
999  1713
1989  237
1696  301
561  858
1864  893
760  351
181  1265
1778  1309
1666  892
1575  1745
974  952
134  729
394  957
565  1855
1473  176
953  118
1962  1888
919  145
804  617
61  798
137  745
337  1924
1977  1063
520  1279
679  548
1028  1271
351  1778
1644  726
1086  1450
1170  1214
1784  1605
1385  1681
1166  1402
968  459
314  329
856  598
174  1236
47  960
1817  845
1767  665
1474  1441
1909  1658
942  36
1864  826
1803  1376
99  262
800  1666
1476  1971
1962  342
1904  1198
1783  1191
1934  1474
1239  1786
273  737
1  1897
824  832
1066  690
928  641
439  590
910  1030
100  1994
1237  223
52  734
1965  574
1957  176
698  1062
791  1006
57  1609
679  259
217  998
750  643
1429  1268
992  408
1862  1523
504  1829
1232  847
1382  1783
21  1886
1882  1550
37  561
267  1333
1716  1497
1767  1506
744  955
457  1255
278  1051
822  793
227  1910
287  594
341  1537
64  1087
1502  1650
915  144
92  655
569  1465
1061  633
1706  907
1875  723
219  1806
1984  769
675  1193
1302  1206
231  1279
452  229
372  393
392  1281
1161  1474
799  137
1709  1090
1947  132
1731  1256
451  926
1419  1429
1577  82
1530  722
389  1736
1884  88
322  1003
858  863
885  680
1060  1099
424  782
241  487
328  1140
1137  1317
1144  874
892  1486
1926  985
1715  188
1797  138
1310  1700
1945  1819
1510  1819
790  934
147  1307
1586  1437
402  1207
1138  1858
390  316
524  1541
464  1443
1564  1887
736  761
537  215
1035  9
339  1656
1417  20
960  1486
230  60
1589  560
440  121
389  1688
1022  461
1  504
907  1342
1003  369
1978  617
891  389
1080  739
1148  1729
167  1910
276  1300
778  1356
1251  79
1680  177
1416  884
1776  614
1581  1738
1184  1304
1621  801
511  1991
246  1974
1684  1886
1272  1037
1268  853
1937  261
1561  1127
482  1513
1699  1869
1318  1959
379  986
727  138
582  77
714  1649
1581  188
302  1932
1061  1964
1207  1876
518  1640
8  1685
128  49
1194  1935
843  1474
1196  160
511  1744
1181  987
1147  1455
1400  1519
163  402
965  1281
1479  478
1353  1832
896  28
1673  368
1868  780
1093  990
1279  29
888  1114
951  932
3  1858
4  433
30  1693
1407  742
1692  1144
1945  791
1483  626
1657  1430
1530  1013
1129  328
118  830
1710  1034
537  485
1333  295
187  224
146  1069
1414  1895
1892  1450
1173  974
1499  1047
1272  1966
1830  184
1900  1788
562  1222
1364  1202
1969  438
1813  765
1113  1428
1954  916
1487  1758
1296  111
1230  4
1454  461
519  137
1648  363
1568  998
322  1747
1622  671
1099  1206
921  346
111  123
537  1869
1645  39
1851  1128
409  122
1538  1443
220  25
1671  1062
413  687
786  1880
100  1838
727  103
494  339
1716  308
742  1662
1580  1456
987  1963
1003  1188
564  1231
1656  1819
464  1268
844  103
564  885
1195  1474
1348  1515
1982  733
1512  559
1350  593
1780  1182
547  174
937  451
1561  691
1250  1269
1554  1314
1131  678
850  756
909  245
9  938
473  1767
1652  704
1850  1131
1350  1587
889  1344
434  1343
1726  883
1170  1866
1410  1241
256  950
1235  1861
1108  1840
1257  191
821  934
108  1924
1664  761
806  426
811  569
111  284
1651  1933
1764  127
273  1022
1546  332
1405  1519
312  1574
383  500
1453  1574
1585  1156
1475  102
1360  1009
1830  510
511  500
1933  1606
1250  1736
1150  1219
1165  94
1427  1401
1215  1701
1638  1082
23  1176
39  1551
1168  1912
202  123
14  1653
1963  483
828  1883
1435  805
1822  1641
1553  250
519  1960
271  708
1930  1154
446  320
1434  1741
809  1498
1027  1115
673  772
943  1388
877  1779
55  1763
355  1941
839  837
141  1109
294  1268
1049  1990
1273  1829
1929  1337
1668  618
520  942
686  1226
1043  72
1613  502
157  759
433  1085
1217  1394
384  1941
1145  1538
1662  714
386  1152
1794  922
606  720
1311  1511
1914  1389
1791  970
1118  1220
1601  1186
1507  612
1285  1593
976  1878
873  263
862  62
1473  27
1118  361
1927  1206
670  125
1653  234
807  1599
791  1559
160  1139
1414  1073
81  1683
1139  94
490  632
1654  67
1245  1746
1774  772
1061  1142
1282  1410
1192  337
360  1638
1518  549
1817  1848
48  1270
940  95
1164  238
590  1003
747  314
565  412
13  139
149  433
12  761
76  1626
752  1602
126  1428
1224  1029
1971  393
149  1684
196  682
1104  1320
890  1142
293  259
1773  1936
1558  225
528  1437
748  787
1902  212
661  308
1729  411
1356  53
1465  1986
353  1153
797  428
1328  1394
1545  237
211  386
168  241
1770  746
738  1350
1461  1954
1255  99
830  1400
242  1722
278  1414
1797  625
566  367
983  116
1304  241
1855  773
1763  784
1844  1608
694  1092
834  1925
1945  1396
20  1375
1767  978
1413  265
617  1529
1416  34
1548  996
63  344
322  872
1105  1610
1540  1211
1252  1636
288  1083
1348  489
1884  309
1288  778
1820  331
1596  43
967  447
762  1331
943  1389
1862  1333
485  1618
1936  1754
1327  560
334  333
776  1687
1455  923
625  1758
811  1268
566  1294
1085  107
580  226
747  1693
822  1050
511  54
1400  466
1444  1748
987  385
1891  654
242  44
1292  1756
1086  1553
1981  1594
340  1999
1679  1955
578  302
1338  925
311  1345
36  246
408  1335
1043  159
479  1381
612  1882
171  1440
210  57
884  1997
930  372
1644  592
1689  1211
1615  292
34  1642
999  1398
431  1988
1332  1669
457  869
344  366
819  338
1780  788
898  1533
1856  1153
534  1634
828  1764
1574  1900
1244  340
1107  315
1736  99
1795  1538
309  895
641  1281
516  1874
564  1283
458  1075
186  1372
1127  368
1058  679
983  1616
590  362
1221  1117
1416  1556
1045  1253
643  812
496  93
109  850
1095  1533
1881  1785
1857  635
1134  822
1390  1625
902  566
307  1609
1741  613
1858  674
1550  558
581  1130
1276  81
1204  108
946  1964
20  485
1032  1711
858  713
1238  1688
1770  256
14  1382
1485  484
862  1673
114  1080
582  1270
1283  794
1648  1749
707  1791
1054  1211
1122  19
1054  663
1193  301
1369  274
1110  445
755  1011
1520  261
1442  611
202  365
262  409
568  1481
1319  1978
1335  1874
505  903
38  1792
1746  196
216  82
1618  615
215  1354
1345  599
954  109
1733  185
722  1007
961  1394
79  1360
144  757
1163  1033
1857  1231
1876  1858
1454  1269
463  1772
1983  1287
628  418
1680  417
1857  960
1560  211
1892  1336
1667  1154
846  1048
325  152
1647  1549
450  121
1491  1428
1306  1434
736  1694
116  1977
1770  949
1395  510
923  1442
1400  1813
1440  1025
1495  1428
107  1455
893  218
1876  54
103  1200
1913  1216
32  1766
1920  1931
418  7
298  97
1697  954
363  1057
253  1189
1655  732
1667  1084
1954  737
119  580
614  92
1629  819
500  1139
1606  1542
418  390
232  143
1634  6
844  1251
984  1610
1803  1672
478  478
1234  570
1523  317
13  780
834  192
137  1403
1964  1037
1437  1253
1584  785
1912  952
731  245
1571  415
1372  458
233  1974
146  1809
336  570
1846  1280
1477  1323
1737  529
291  1519
261  1705
1722  1646
1072  1687
689  1781
1851  1000
66  650
5  1980
1291  394
1903  515
1142  557
525  711
209  713
173  1808
1168  438
1726  1433
1092  818
1221  1770
1579  474
1204  273
1068  1995
1730  1842
333  1938
9  1072
2  639
1304  42
723  1452
1856  1479
785  30
1830  91
989  1439
788  1605
985  1448
1803  735
1553  47
1863  492
1108  1164
580  996
98  1006
1723  1774
588  1765
1178  92
1581  1080
1873  681
940  181
518  1461
1895  157
1570  883
1309  1952
770  1537
1830  358
872  1280
764  712
1212  1127
1691  198
1861  1358
1855  35
1858  1748
532  715
1254  1575
393  1745
1141  1749
1522  1845
250  1964
1191  1888
1121  1415
1686  1429
1138  350
544  1825
389  1510
3  1202
288  453
798  568
114  974
1523  474
1759  444
1568  211
503  841
1605  927
1637  776
271  818
1174  1290
1711  1074
972  5
1400  319
1225  1084
1651  1441
40  1982
1784  94
317  64
1510  432
749  294
1575  1356
1811  73
454  274
1305  1800
494  827
1409  1498
785  1253
1703  314
751  1624
532  731
1233  177
1980  1140
1245  1137
1704  462
1632  261
1440  97
1487  43
927  506
309  546
178  826
1260  27
1142  1317
584  1848
33  318
1387  509
67  506
1223  1323
646  1503
1273  81
954  925
155  748
1517  1494
542  1751
1896  1069
56  1548
814  890
1875  1072
1031  1233
146  1122
206  363
1124  513
660  913
1153  587
1240  1440
1829  1050
578  297
472  886
1633  852
1900  1392
1612  115
1329  517
380  1839
965  1297
581  283
1315  913
458  918
1298  1792
913  1736
385  852
1175  1784
828  1261
562  690
1998  1550
1674  1636
1254  1046
192  1244
156  548
947  533
1495  364
1390  1691
920  1723
886  1398
1159  345
1868  917
244  1662
1361  1699
922  1552
607  1374
1143  892
1905  634
778  593
1435  204
1565  1217
949  1393
1771  1512
1956  1695
87  1711
960  1286
384  1943
1151  650
45  24
478  1661
884  1768
1778  1450
755  1289
1220  152
1712  1711
1680  1475
1267  1662
115  1927
1750  1347
1785  905
993  1076
1846  120
142  784
832  1347
1287  1608
1724  1102
1836  1877
538  340
509  1009
1856  43
1239  101
668  409
527  483
66  1176
74  1206
628  820
294  994
1468  53
1586  974
1682  1831
982  370
1268  1124
1467  920
1592  1543
271  468
1018  883
678  814
1472  1478
794  1886
603  1834
1485  1458
752  1690
1533  1300
267  1979
771  821
187  880
947  573
1827  239
50  1140
812  905
1487  458
1744  1835
416  568
1630  1407
841  1657
440  264
587  431
589  1507
105  1819
528  1683
1378  1324
1040  1794
853  1776
624  1464
506  1522
1074  292
1838  1887
880  154
1453  477
271  1570
493  1776
1190  359
1811  79
1388  1938
1882  1113
950  894
1152  164
1798  963
116  869
647  860
339  188
1497  1926
426  1969
1509  702
1540  1264
1061  1122
594  1766
1165  307
1531  280
650  1952
1671  1981
64  1233
1911  1613
1871  1470
390  58
821  1768
157  721
1315  1979
409  1685
1196  1956
147  1553
124  681
1511  1072
878  1716
1378  736
1421  741
933  1891
1626  636
1393  1911
407  1577
350  577
1309  1738
1792  1228
922  1271
765  1002
1292  1743
19  1809
1539  1726
782  492
1293  651
1447  1646
1416  1757
548  569
1807  1069
785  1504
71  30
1038  1153
677  210
991  425
1239  6
1165  1485
1522  1114
623  484
284  513
1025  765
755  622
1523  595
971  1815
236  348
1262  416
867  953
1761  326
213  1976
416  1709
604  1706
608  360
1379  652
1913  368
522  425
1368  1364
722  1476
815  556
907  1698
1655  1402
795  954
1003  1446
214  1204
1939  688
1609  1591
8  788
1147  628
124  1876
295  1597
1104  864
304  702
1909  1938
1576  843
1488  1921
1015  1396
1604  777
1554  385
169  1918
1625  1986
944  966
1315  1293
614  203
1101  520
248  1293
1197  1880
965  909
1916  1914
1862  1249
1119  1890
1055  107
686  430
1813  1717
118  965
966  919
684  1950
439  91
1118  760
1476  1211
952  1088
386  1674
845  1067
1829  1590
32  85
169  979
1395  1018
108  1210
1726  198
1712  798
1931  1581
353  472
634  1889
851  1547
7  1013
1289  1850
1590  1528
1931  830
353  293
1015  1467
999  448
1546  1794
1185  255
1886  1880
1720  1576
1056  124
892  1425
182  132
1336  1694
791  541
58  1842
399  679
1045  1759
633  452
712  630
67  1589
1920  478
490  1067
478  1898
367  804
1424  1572
510  313
8  1287
1046  1621
365  95
901  1756
1855  1337
244  195
796  1459
1775  1567
794  924
1935  0
228  669
865  1275
1089  235
1146  254
642  1811
254  508
1649  34
1162  682
601  1612
1978  1668
334  776
405  542
135  485
143  607
92  1915
442  1750
845  1521
894  789
583  1991
487  1562
827  1437
1447  652
1285  1826
1673  81
75  1091
1752  1232
179  1485
557  565
198  471
959  573
864  1608
338  314
1171  1051
280  143
795  659
1511  1176
892  1394
1256  952
1922  197
1439  498
14  552
674  756
101  128
501  1948
58  1192
1633  208
861  1398
1830  1022
107  1030
1429  1531
1663  930
1537  881
940  1799
613  376
239  222
1284  953
217  657
1388  461
1711  1627
1012  0
1599  1139
776  1327
482  1407
456  67
1461  1759
1725  1048
537  990
1460  1854
1066  508
1710  1956
1277  109
571  1789
140  1214
73  1983
1835  1276
301  84
479  499
1374  191
199  1660
652  1800
1134  1421
1611  1816
1928  1609
1366  127
818  912
1950  598
1592  1846
1422  645
1939  283
538  329
562  1945
543  1280
654  853
1599  1173
1586  1536
1046  988
72  404
1918  804
1062  75
1315  960
1728  525
1713  1815
1743  578
928  286
984  1730
1285  1584
1372  593
678  1691
1609  1547
1337  639
892  1218
1378  1811
1073  1537
1367  1953
805  913
1741  1022
1208  243
457  59
660  1384
128  1930
797  1477
1467  423
1548  541
287  1597
1354  1494
1626  1660
431  375
443  781
781  825
973  924
599  741
521  747
1620  1213
820  596
1575  83
1311  1018
1491  557
794  695
120  493
1330  485
1056  949
82  205
1371  1383
247  1916
1078  658
1469  270
216  1677
1626  352
1092  606
319  1110
979  283
1483  934
1200  472
1758  785
1193  1194
1003  459
1293  409
1134  311
1009  1098
813  1174
691  582
891  619
1603  5
1254  1117
1053  243
762  1188
288  1735
900  1808
208  317
1734  1667
1276  1168
1344  774
784  327
1771  1970
259  1029
300  781
1871  799
903  1013
1474  1091
61  91
1226  1188
317  667
163  1987
253  1071
971  52
351  1591
777  669
1032  1924
1034  1964
789  1033
1703  154
522  1759
1413  257
1338  1947
682  1109
1951  17
1694  1430
1353  696
542  1697
547  1982
1446  1761
1228  797
1665  235
476  31
740  421
330  113
90  1355
1323  1052
1046  1478
1138  56
961  414
1140  1424
1133  1012
306  1521
98  1066
1428  181
709  77
839  835
962  1767
1233  924
955  1997
98  1553
113  1649
390  568
1061  1384
466  1408
218  330
603  1571
138  615
591  1036
694  1775
1631  1103
1319  555
756  931
1749  1499
953  1918
1575  186
756  1671
1147  1756
556  1236
1647  469
1533  1180
1656  790
399  825
1533  1569
1273  272
1548  619
1  251
1412  292
1726  700
315  573
1303  1144
1821  1944
721  302
374  636
1527  84
1083  1968
1909  303
1508  1499
1569  1140
1018  398
1909  783
1796  716
1037  1719
1402  431
936  313
1055  1983
680  1963
469  1993
1043  1617
1651  1432
392  798
747  179
914  1884
949  1215
1314  1942
839  1254
1804  361
1871  1541
576  465
721  1287
39  924
1251  1659
1982  721
135  359
1834  1817
1381  1221
32  1904
773  719
1392  1088
662  1747
1281  24
1502  1532
847  1540
685  913
1633  453
410  628
977  1468
1745  974
703  1709
1547  895
1009  472
151  1779
1847  1857
1580  1993
1750  1223
1098  796
721  928
1004  1135
1615  40
312  441
730  1469
1432  1533
588  778
924  1723
153  111
562  1941
537  1382
1647  1115
933  205
1019  1765
869  629
885  266
51  921
866  573
1526  1098
523  92
87  889
786  1327
1012  1199
31  590
1291  854
1819  388
1369  1933
154  1958
52  876
1454  1786
1599  1812
1174  559
19  319
871  1445
765  1301
1312  1227
1229  138
988  197
552  1781
537  561
1901  1400
1969  426
1957  421
829  1877
1154  1639
1278  201
1193  269
614  1326
1183  1944
1427  679
9  1967
1988  152
1790  1146
743  582
876  1380
887  1548
1057  1538
599  235
443  575
1595  1193
1913  332
262  1014
384  658
137  1552
593  1233
920  731
1814  1641
1698  1540
720  1089
327  1157
1195  1662
811  927
1209  1741
1164  1107
407  153
1923  396
1232  817
690  160
335  197
506  8
932  1859
350  1707
6  146
1178  31
1254  859
1231  1606
561  920
1535  1293
325  937
296  838
1670  938
706  178
1940  1961
1246  143
1639  812
698  120
954  743
501  802
1847  423
1681  1241
351  781
240  749
33  871
1320  1548
1781  395
310  263
453  1044
466  1888
549  1503
1443  400
146  523
813  269
1908  1157
1282  1687
1781  1159
1566  1953
909  1907
680  1708
1076  143
1174  1738
844  1905
86  729
1821  509
1870  489
926  1436
113  1505
889  394
1414  420
890  1860
754  39
1457  1206
737  1243
848  1960
48  33
1726  1142
1774  1612
494  143
1135  1490
1275  1577
915  1253
1087  1822
1874  1754
1098  417
720  1048
1913  191
713  1896
1719  9
318  1812
635  1122
1683  1305
156  835
1133  725
106  640
1661  610
229  41
671  1452
1355  150
400  526
1605  33
871  787
308  705
234  926
1245  732
1152  539
442  401
1198  288
807  1022
1075  1196
618  1603
920  66
499  288
1245  1444
1974  229
1516  1404
101  216
124  747
1669  1346
645  368
1141  680
1258  761
1390  1623
169  713
317  628
1803  1554
1652  556
299  295
13  784
1345  1676
236  478
1510  327
170  11
1716  878
1010  369
1723  802
1046  1319
842  1606
1081  778
10  568
1714  1338
1300  667
1170  869
1660  983
481  649
1357  1542
1749  1470
1054  1023
790  808
689  403
218  1658
459  89
411  505
1113  1321
231  1830
167  281
1571  1246
1421  795
377  77
68  466
1997  381
1740  1002
268  1455
306  1561
577  1698
546  955
667  345
234  1161
1156  602
1317  499
326  284
1966  303
310  1201
755  1204
302  1334
311  498
267  1052
1891  792
1101  816
547  1910
93  405
500  955
1825  329
993  1219
469  1158
834  1528
1222  1350
1961  617
1746  579
901  291
1701  994
93  279
1820  1740
1700  609
896  1953
1666  6
642  3
1505  645
966  17
1144  1999
892  1886
290  965
1216  1623
1341  1553
1331  1956
895  1074
953  1944
1297  885
1118  1352
461  1811
1039  1401
1799  61
1386  699
338  782
125  432
864  1166
470  1900
1520  799
789  808
717  630
1463  792
1833  1270
1922  691
332  470
185  540
238  909
397  1083
1895  883
1792  467
119  858
1667  1490
612  604
957  267
1959  1979
346  1627
1477  704
1679  1127
1830  1850
1166  1785
633  79
1111  1328
1063  690
586  259
1860  617
1547  226
26  1188
1797  1319
141  1067
1785  1638
1970  1717
81  609
915  505
1228  215
1820  1634
604  1848
483  1550
1746  1357
1127  289
1203  230
243  433
634  1173
286  609
908  1574
891  986
180  397
1615  1288
1150  865
1049  1023
1802  1250
400  1313
364  1313
23  1109
199  4
47  1125
1528  929
1478  319
584  67
218  371
1199  44
1819  1018
1458  1510
766  1719
1070  879
1899  1931
1745  956
1255  953
1415  388
404  737
135  1013
1060  1500
1994  1836
376  1843
409  334
525  1304
1258  1942
483  1967
214  1639
1191  1763
1249  50
1272  29
1224  1008
436  637
1624  415
738  1151
440  882
1370  1
22  1112
1424  243
1091  1491
1793  307
255  671
518  174
727  574
9  455
1606  976
1783  734
308  1322
177  525
1633  362
845  1372
1268  1547
1565  704
1678  849
1167  964
1664  1543
1726  868
78  1808
801  1709
1785  1358
1141  1202
1083  716
1082  1531
324  1919
680  1402
1058  709
57  1842
1018  1421
1821  724
393  1945
1254  427
1804  1909
1443  1359
903  22
1551  620
392  1186
10  286
628  721
1905  1595
1124  659
433  308
1395  1229
213  1194
749  358
644  1046
1778  529
1371  858
1757  1110
1118  1301
351  220
271  869
386  1756
91  1109
1567  1068
1134  1631
850  1561
1950  1917
468  177
1471  1640
480  1796
284  1369
980  91
179  1082
1182  188
232  670
207  726
216  1853
757  1938
1987  1095
910  1396
310  338
830  750
1  1766
615  1247
1200  1965
1927  1052
550  400
960  965
19  430
422  1755
349  1633
249  1672
643  1642
1362  245
330  762
144  926
1782  1951
1562  1838
1782  1473
47  815
1288  1942
759  551
152  1002
248  399
580  1942
1113  901
865  1680
1825  1297
1629  1707
360  1457
609  829
782  1774
1980  1142
1815  558
835  1761
825  1193
1526  1773
990  612
1822  117
230  1949
1039  697
97  1183
570  855
583  194
198  290
224  597
1180  1306
216  865
1121  562
1299  1416
572  209
300  416
134  1451
795  1675
1980  1912
1081  1019
581  831
173  801
32  1348
925  976
609  1220
589  97
1351  503
1695  128
825  1483
558  1739
1226  1048
1903  1017
236  1690
1919  838
61  137
971  120
845  49
106  355
1726  508
877  1783
10  826
1124  1608
338  1313
282  620
1335  1974
1869  634
1033  92
1186  639
1067  1562
1850  55
1769  680
293  986
427  1859
926  194
1477  1152
544  93
1460  1282
1118  1942
1224  335
1507  200
1890  1765
1891  1971
1075  542
110  650
221  690
319  1417
767  258
262  318
20  1522
1548  88
12  1057
446  487
1000  1665
1911  1797
728  1782
963  472
943  1312
1768  1202
1512  190
378  1161
1577  1178
1701  1885
788  570
216  1543
1417  1645
763  1708
1442  1837
1436  1052
657  509
1398  708
727  828
1392  569
860  17
1410  1221
1660  316
1781  550
634  1521
1060  673
1098  588
1888  691
635  79
79  861
999  422
770  1822
15  612
1573  546
748  346
841  1937
274  1189
51  833
690  1235
1165  1877
507  1543
780  748
1387  1618
1815  112
1313  1057
1498  77
1499  81
1661  1850
1549  1240
88  790
254  555
993  1983
488  1014
1264  2000
77  687
210  785
601  1694
583  28
1572  1223
17  1128
1269  362
136  1726
433  378
1693  53
1496  1596
1672  10
1278  908
1420  91
1370  192
935  1517
1405  1726
176  1738
1555  1308
1466  503
426  1529
680  1060
102  1570
1001  49
1616  1141
802  1430
1080  1306
1060  681
1997  1947
184  835
208  495
1097  737
709  1592
1137  1639
1867  484
357  72
1889  1571
188  726
1682  148
462  617
1200  1472
98  1998
709  223
539  1949
1938  358
1750  199
1808  1953
635  1996
1084  619
934  1170
44  952
241  1209
1921  334
541  952
1985  1106
1426  1332
1416  1411
13  416
672  460
975  550
1941  1830
1002  532
304  1765
127  1650
1343  798
1854  638
1409  771
1642  465
835  597
721  232
1783  437
1543  1220
536  526
955  1294
1766  868
67  1894
1180  628
1985  1664
589  598
720  757
769  385
1160  1456
389  1717
800  1741
798  1321
1479  673
1092  834
53  1677
612  197
848  1181
1560  429
1939  1468
70  928
612  1065
191  1398
1339  1918
979  297
1459  1286
1089  1113
1125  1936
10  622
1915  299
1338  1267
1173  136
841  1486
1316  9
855  718
1581  1343
197  74
600  1783
430  965
926  1463
1254  402
457  1322
599  822
1477  1523
1530  959
1401  1880
158  895
709  919
998  1050
1675  1610
1546  1810
1735  430
815  341
1324  1744
1239  1224
263  1965
376  750
1738  514
1350  1679
1825  716
1120  94
637  1469
1092  345
1580  784
1411  1496
1519  795
373  1118
254  1654
1809  841
493  956
386  917
884  143
1497  1505
965  929
1685  488
743  1939
1803  1086
664  131
17  1915
834  1196
1649  254
729  1648
817  1233
909  1868
594  1725
11  292
1396  1347
136  1344
1760  1085
1384  900
104  1192
529  1118
1506  1964
878  1480
673  606
804  824
1996  1435
1069  1113
1363  1249
791  352
1364  587
1382  508
751  1159
1720  1978
695  1302
225  177
759  1647
1394  480
1724  1594
378  1070
1255  1372
993  1722
1779  1593
1905  923
561  1267
1340  1511
239  1930
1430  1412
97  489
1336  1477
1238  1416
1829  458
1283  1002
463  573
1618  1591
1242  180
506  171
627  1740
276  1434
1586  814
1770  253
520  615
194  1360
509  43
475  50
1175  1602
312  84
605  423
1075  1895
1460  538
1503  1589
1215  376
1908  1844
1552  1390
901  1258
346  563
1566  1484
1072  1553
120  1236
233  960
30  352
989  1133
68  1357
1874  52
144  1093
1221  114
639  1825
1045  306
1799  1184
1004  248
1281  1512
949  1962
1502  1950
1588  1619
1488  1760
1371  1330
1764  997
811  1390
1370  296
781  643
1974  1784
781  542
1361  358
1660  1208
966  1396
1134  1464
778  1401
1566  24
1309  285
1666  188
471  1395
1008  860
1132  1022
714  614
1526  232
998  305
1945  118
1379  1472
1538  645
1703  1115
1215  553
339  871
1748  1373
636  788
430  0
400  900
289  102
1034  1557
758  33
1776  1758
1677  153
1007  1855
868  1413
497  1991
932  539
528  184
953  1905
1517  1433
1553  294
1410  685
1477  157
1154  986
463  1082
461  1617
1910  1039
1266  83
1776  1994
1233  1140
1396  351
307  1029
1073  1825
1192  135
1035  1970
663  719
867  720
803  1780
1248  731
1410  1550
390  357
997  1435
516  572
811  1064
1782  1005
136  682
1193  1779
909  1133
1431  1634
1275  1867
1583  244
1388  1732
888  1671
1703  39
575  1178
556  160
449  825
1556  796
980  459
363  1920
1332  278
1161  128
361  617
213  36
115  721
1487  375
1870  865
1616  595
955  1434
1762  560
825  680
1471  1601
1832  75
1382  856
1606  1793
1269  608
781  1836
1773  998
663  959
570  301
977  346
286  1571
1780  70
95  662
364  1618
1751  1115
570  1124
978  1760
840  1543
1002  1435
199  657
1543  1440
953  1094
1999  1391
1550  1879
229  1611
1197  532
1232  1796
592  1355
411  692
1631  517
1061  544
1714  696
1251  1466
465  1426
130  202
1028  117
838  1969
1687  1700
1973  1589
408  1326
952  359
815  704
1858  531
1190  447
1941  991
1192  1690
1176  534
1472  310
495  1762
1339  1506
700  910
1423  511
1290  1577
1878  966
1466  1565
1717  1742
591  1652
401  194
1032  636
1451  1388
1353  1668
708  1371
1717  1413
1246  637
287  885
1019  970
358  1331
979  301
151  866
304  794
1747  1293
980  586
791  1758
988  23
418  420
255  1311
1189  988
1156  815
1614  1757
367  420
251  1615
1847  393
1532  121
1697  745
210  1350
1009  75
376  1371
310  593
1386  122
501  305
1391  713
192  1394
67  244
1119  62
1612  671
1618  1252
1876  1393
370  338
595  1790
1503  1111
1808  1967
628  1178
1450  1951
1913  1904
907  727
251  1377
39  816
1848  329
553  1696
1829  1190
291  252
1440  787
1852  248
1836  844
267  1804
473  377
19  686
761  1906
1178  1869
1236  1646
1160  1379
733  1098
873  1299
130  925
1283  748
218  103
514  1215
1162  495
946  1089
1883  683
22  283
807  1071
131  1636
937  69
1749  448
1034  447
1558  1088
355  819
1879  1711
904  192
1273  1135
756  1526
334  123
1714  510
1204  479
65  1931
1379  24
1655  502
1580  1048
263  69
1192  1571
1311  1158
1207  325
301  69
483  1758
52  470
12  1548
916  967
24  384
1192  930
1084  622
340  1372
862  708
1358  1588
1611  18
1786  1152
1180  371
1267  971
1291  1391
1827  1681
828  1831
740  1188
1284  1393
186  1323
1007  312
1146  1135
1180  1681
1346  829
810  1673
1724  877
53  1650
727  1562
916  164
742  1467
839  1165
1369  736
4  976
541  1889
1946  908
483  1052
1694  518
527  202
490  1805
1284  1144
1474  1713
1847  1132
110  717
837  1294
1477  550
1610  1954
1744  1329
78  285
118  1993
171  461
447  1278
1261  1539
108  458
117  303
114  1707
1854  1596
1048  1186
1557  1228
1817  841
248  1370
489  1767
1265  390
1968  115
129  1655
820  1241
1340  1808
226  1642
1738  1223
1733  426
497  976
99  1230
1947  1121
333  1227
1237  1895
76  199
1064  1162
857  1373
1686  1101
1534  1513
67  1333
868  495
1686  515
974  112
341  1207
860  416
1232  1659
331  114
736  407
175  255
1666  1003
338  529
1143  1410
1773  1763
268  102
1865  1878
569  425
1336  1842
757  1797
243  1500
429  1122
1334  954
618  1795
1371  1290
390  784
1773  1132
1249  1380
418  1932
1750  1749
1539  1326
1552  1811
890  504
1865  84
167  410
1204  991
981  997
1927  872
251  928
213  681
207  1276
908  988
844  1814
1821  634
451  717
1483  458
1372  1411
1643  842
1294  1943
1364  1399
736  931
1644  135
1  390
1523  484
392  926
1533  666
47  319
22  1697
748  1295
157  364
1196  1557
16  209
1360  142
1800  1939
1418  1303
1808  951
1773  1185
1396  1520
1143  85
189  1710
599  1731
1850  570
854  1157
1770  1888
312  1020
599  1283
971  56
818  412
1825  908
919  1407
1800  903
14  191
1935  780
1533  444
816  393
506  404
1566  729
1142  630
594  561
1830  836
485  1013
1712  199
194  1315
1847  1601
117  66
1837  1341
1259  811
1002  1040
205  1886
1018  1351
1388  92
1859  173
922  591
243  81
1527  507
1808  992
1113  1208
1407  1
823  685
269  1431
343  390
850  374
688  963
68  470
968  443
1845  400
1678  1288
1448  1814
437  1024
995  482
572  1266
665  204
1300  1740
1408  1712
791  830
1768  853
720  356
1609  1501
582  1103
1408  369
1096  335
1949  1422
570  952
1599  1068
258  1241
930  920
663  650
217  148
536  505
1027  863
177  928
384  1651
60  1919
1481  1287
767  758
1013  256
1623  1122
383  1728
1018  1299
770  962
14  744
284  99
955  1943
1367  157
343  1354
350  112
293  1278
1225  561
930  1782
62  1070
703  25
1264  1330
1324  1074
94  822
623  443
613  1442
846  618
1709  293
1282  1121
1307  1783
441  1858
1305  628
180  696
1120  399
218  550
385  1224
696  1210
330  708
1891  59
1519  158
1555  381
1884  868
1638  950
373  1087
879  1833
261  706
225  121
1037  993
139  794
1238  1965
82  1764
1449  1926
1200  1159
666  1929
1223  1628
500  933
1272  1133
1581  237
284  1739
414  1135
1122  1052
1341  1858
1976  919
206  641
486  495
1013  1929
46  964
1171  260
1644  1341
986  579
1645  1083
275  667
824  1761
1030  864
835  770
1845  887
1934  1537
1363  1901
165  106
141  232
1910  1599
984  1431
159  1439
147  1998
1136  1191
1852  1410
784  499
301  1846
541  1431
755  1850
1095  147
499  641
1745  1626
1304  145
1141  1306
633  1685
988  259
1380  608
1899  717
179  1867
1637  121
291  790
173  1642
1275  1989
1666  840
1709  880
637  127
1545  699
865  57
1109  411
1419  301
1732  1807
1697  1807
317  1877
1855  52
1096  1746
86  1553
520  524
136  700
345  177
1205  1787
1612  636
426  1936
1109  1025
701  1704
354  769
357  1656
1806  1477
1147  477
1967  1625
1610  916
1504  1735
830  1052
100  1019
1339  1353
886  1230
1641  1312
216  1435
1114  207
1474  1680
581  1852
1803  1929
1257  1882
1383  812
973  1306
1653  211
1254  898
658  913
1651  1906
1507  1804
115  137
502  922
487  1372
1496  1745
1882  273
163  1918
396  1098
898  1878
1161  1892
1441  1086
554  1862
1121  1602
1552  948
792  1505
814  1552
189  392
1748  577
375  1349
47  1464
1056  1831
1623  377
399  1747
1965  741
162  855
967  1415
1201  1074
1961  843
438  1830
195  1506
1948  1848
573  852
1100  551
387  1974
1257  1000
1128  1311
1400  982
570  1798
162  1930
947  1296
781  1067
848  652
643  1840
1302  821
1913  1147
1735  518
1620  1222
1217  819
926  1560
873  40
65  927
1709  1868
917  1389
163  1922
239  663
574  1563
476  1452
786  565
1901  448
1666  690
229  785
1544  580
1057  374
1312  1356
1091  1407
71  221
333  1769
698  1769
797  1093
1679  1218
1615  1971
1088  1230
1131  143
1194  448
570  438
1200  1543
1545  470
408  1243
690  1011
1421  1700
319  1282
1961  237
1454  1918
347  127
1148  593
1632  1194
1211  1106
1366  55
1660  1753
1160  554
1106  520
637  1092
1100  694
1886  1325
1837  389
1476  1016
1237  116
126  795
1779  962
1959  1399
55  821
800  1603
843  800
169  716
493  1089
198  91
1165  834
475  1331
354  305
669  1835
402  742
703  1786
363  1649
1350  149
1412  312
975  94
1035  1847
992  208
1084  1223
1886  1499
1082  964
136  1184
16  1314
1412  1279
727  926
1598  1584
544  1957
1004  1954
638  1559
1140  1835
1067  715
1313  1999
61  1492
1466  1997
1510  1512
473  1314
1316  1383
668  1709
808  1841
1017  95
216  535
1240  533
610  27
98  1419
1098  675
1215  1280
1500  1861
1892  1085
62  805
1257  1266
808  1245
1665  392
1993  1743
1065  968
1325  719
311  986
881  1490
607  1654
980  1033
1672  412
892  1562
959  11
902  109
528  854
1717  269
1433  1149
1115  278
1060  301
412  492
1567  53
257  1567
28  306
1882  429
1799  670
1515  84
1218  98
1308  1425
1365  175
1225  966
512  1881
1455  634
1713  1492
674  1916
1307  77
1481  1398
1719  166
244  885
472  481
290  1751
1971  925
1734  355
1077  395
888  862
1271  1798
1437  748
484  1572
918  1862
1042  437
1031  377
1730  1698
1986  1340
48  1807
1077  839
1502  849
835  1573
208  1776
234  1751
1864  1291
1016  126
670  474
516  1102
1119  610
56  957
1286  1705
1515  201
688  875
1437  482
645  637
1495  402
1119  828
1827  1004
1265  1268
489  720
1548  1636
1924  1792
560  1148
1870  1060
1449  1325
1212  1866
1310  1570
586  1858
374  1212
1992  1321
267  347
759  1171
150  683
617  461
293  509
539  1681
761  1665
223  243
1598  1270
1816  1316
577  1736
492  1609
699  671
1003  1562
177  209
1778  439
137  728
1721  1945
1124  565
1147  1763
1588  1405
775  1578
1231  600
1766  627
912  659
169  326
1028  215
1250  320
604  823
1084  1587
1728  137
1110  253
436  1132
712  692
1181  1041
1243  1382
1913  1933
1848  1456
371  1473
1191  154
548  777
628  220
1885  823
474  1065
728  1506
1425  1016
1017  520
1904  635
1430  526
1215  122
1216  954
467  1763
614  1412
1050  890
1830  1255
403  1332
1129  1597
1000  1705
1573  1400
1807  1479
1870  1491
567  1587
577  1275
194  1217
388  965
757  1131
46  1390
723  241
1538  855
662  371
201  826
1696  1930
1424  1226
1757  1985
1747  1591
1449  785
501  1075
269  1232
638  926
1738  861
1878  1979
312  828
803  535
194  702
1967  554
189  466
506  1073
486  1857
638  695
1270  1523
904  1291
1862  1692
1049  594
54  1786
826  1676
1727  875
1522  8
1593  1530
674  1883
1867  1569
1431  878
1744  1068
788  940
930  1263
975  272
1118  1817
272  726
359  105
1638  339
1747  684
1077  632
270  1629
707  837
1048  756
1918  417
1407  758
1059  747
268  1039
378  58
1992  588
1068  1178
170  1974
564  1245
695  1761
1080  1149
206  778
1929  711
103  1273
1994  370
1213  1445
1460  1319
1791  1422
1768  369
95  1933
1593  1407
1895  1889
0  138
840  1019
1987  1546
1633  1895
1618  1435
1619  326
1754  498
266  1560
1886  1988
961  1651
476  1892
1025  1572
539  1849
1023  1210
1508  1382
1443  712
0  742
1244  1794
1794  1289
16  1222
1745  716
765  1412
1816  688
573  805
1900  948
1069  1796
448  343
1890  78
1252  1663
1188  1905
1616  691
425  1570
393  1256
1744  687
1290  904
612  1681
69  192
1884  542
1511  1449
1218  506
367  1544
1855  1167
1969  1994
1148  768
1491  982
623  319
1243  1029
960  1433
149  997
1707  1232
983  891
755  289
1942  447
1462  1178
1393  478
1434  1478
619  1802
696  59
997  171
80  1640
465  513
33  972
1867  175
1232  95
1079  1174
1308  177
1149  1980
382  173
752  1263
699  758
1668  194
1509  847
1840  755
1244  1565
646  1468
1885  504
468  655
1219  1283
960  605
1426  673
825  1791
357  47
837  1545
581  457
284  818
215  223
368  906
815  1816
1228  235
1905  755
1905  324
971  1380
632  1916
1025  1006
1889  225
1539  1413
76  1483
678  175
1225  722
1682  1269
1501  1475
1269  692
1741  1582
30  102
1545  301
1390  1940
848  1466
354  1854
101  1819
848  155
1600  551
1453  71
1611  1817
785  851
1337  1377
173  830
899  1064
1847  1428
1219  300
1539  408
821  1085
929  32
1187  602
1138  1131
151  525
184  772
741  751
1287  310
1391  1420
134  562
586  805
114  1553
1752  216
1634  1794
734  1330
1259  1924
223  1402
980  1345
463  12
1197  223
479  906
1061  402
1924  1234
1904  198
1300  92
1677  1720
400  1944
1822  666
1238  1906
1079  107
1602  1029
1331  197
11  1040
416  71
108  1682
40  1434
575  1449
592  1358
869  795
1882  719
435  566
1891  1113
1367  95
1084  288
435  275
695  463
1181  1700
174  1258
735  31
1038  580
1328  1542
1780  1561
879  1202
1624  115
1474  1555
390  354
1975  361
690  1382
1585  1056
563  422
907  435
95  1105
1684  101
315  1921
1678  214
1914  706
1542  1994
1806  844
1414  1755
1062  1176
577  1901
228  295
1776  454
204  264
1000  1355
1391  457
564  1742
761  1024
1344  1835
1040  1941
1881  1184
846  366
1256  119
149  59
1559  25
924  1525
1155  392
678  232
1352  275
661  66
1228  1969
215  1987
1756  221
1461  1211
1865  1842
1353  1971
1018  929
916  1997
600  866
313  1720
616  751
1056  960
1902  984
1213  1920
192  486
1907  538
1755  1610
317  936
580  640
762  759
473  1421
531  182
999  792
634  473
9  1377
1946  1846
1412  1732
693  340
480  347
761  195
1300  1249
481  1165
1047  1342
1553  1656
1787  399
950  174
981  212
971  1023
1159  222
1747  1144
1142  192
1242  1948
396  499
778  1345
1235  203
45  649
1814  1890
666  585
1110  1079
312  379
1020  1237
1899  733
1949  425
560  482
1351  1472
151  954
963  1326
1151  1685
1743  43
1274  817
956  1301
1671  1918
1824  34
1105  1827
1294  312
1967  391
516  331
1835  1032
122  1202
481  720
1124  796
1707  1035
1281  1316
447  1241
1548  967
933  588
1359  1801
121  1860
263  1998
596  1039
660  320
1002  71
1660  1244
1127  244
1555  1282
1005  1413
1280  1859
1548  217
537  17
1936  1520
1663  1266
1708  199
898  1141
1848  708
1209  826
162  853
81  694
1609  108
1308  1048
567  1754
636  833
1071  623
1781  1823
884  1717
1484  363
1627  941
158  1656
686  942
782  458
741  1210
1802  875
1132  829
1711  1968
544  463
612  1873
1370  1932
906  414
1978  1025
8  572
1573  444
518  471
942  1090
660  1320
964  597
1629  1671
1253  1370
924  1206
315  1424
66  238
798  191
260  621
881  1832
1014  865
1371  904
1152  612
803  945
1930  648
1179  1109
1600  1044
1240  1119
1885  321
1382  186
145  1438
1521  1130
465  734
411  1369
1242  760
1661  875
409  1387
365  922
976  1238
1859  728
627  1305
1945  1390
917  751
1696  1766
1041  941
1538  1062
468  1597
896  233
1697  1024
1165  22
1397  1993
1690  547
1078  1160
1461  74
422  44
67  1007
1072  936
397  1440
556  1049
412  95
814  951
506  775
716  259
1465  1402
728  181
1979  577
524  1245
45  215
654  1817
284  372
564  1614
1640  1294
870  265
1675  1573
1176  1504
179  1246
268  1025
1841  761
299  778
1499  1805
1999  1451
1411  1469
702  1619
1854  911
1316  782
944  1026
491  209
959  345
1474  41
1070  1074
1274  1865
970  349
281  687
348  1512
823  1298
196  422
569  330
1897  978
1157  605
1280  1258
551  1723
1450  791
769  1000
1192  553
732  1542
962  152
87  680
508  1014
1240  226
713  1185
183  381
463  1980
1887  927
953  409
313  1213
1238  819
1631  952
1414  185
1592  715
1198  1841
1659  1803
307  559
186  989
1475  1168
574  1900
574  1223
410  709
49  64
993  862
1170  1710
1276  1787
56  1021
85  800
797  1045
1366  201
94  1283
102  1873
705  1148
689  791
1106  117
587  1333
896  418
138  112
148  596
707  1037
892  844
1637  1102
1209  266
886  1850
1196  134
132  1104
686  910
1087  273
827  1282
1587  1420
439  978
147  432
1192  222
1216  1949
520  1707
546  1992
356  1963
299  1631
1541  577
300  1511
866  281
614  360
917  899
1539  1774
1984  190
21  392
530  1389
1317  46
1818  1281
1042  1072
271  1461
1588  522
1246  1032
31  260
1146  698
1737  1228
36  1504
1477  608
312  1522
409  1281
1368  677
1980  77
41  443
169  518
541  1119
1311  1802
1779  1421
1764  1844
758  1951
1134  590
917  550
1997  1586
1447  1229
941  1749
1401  1405
595  769
1652  58
1879  1995
1748  509
1482  1082
406  288
318  131
542  1564
412  306
1337  327
1998  995
251  133
1359  1381
50  551
909  1706
1744  1293
1104  686
882  1596
1129  1819
137  1407
33  566
1047  302
1342  651
1435  499
1982  1518
1857  537
338  1592
534  1371
1632  1945
332  957
790  1852
1314  1800
593  1724
966  515
1070  790
1159  1177
1061  511
120  1901
103  1342
1349  112
571  777
1640  1688
529  797
1214  1350
931  320
141  1418
433  208
869  61
1156  3
1201  639
3  1981
1675  283
1781  1257
1924  1843
826  1888
1601  24
1510  1111
1146  256
494  59
599  130
1481  1568
899  1338
1364  168
337  1131
1967  926
203  1395
317  1951
1996  1715
895  780
64  850
200  1575
570  72
594  617
1694  809
191  919
1908  1883
1116  790
1786  1429
137  1062
1089  445
11  872
1985  1506
950  474
1965  1989
436  929
1715  1805
1019  136
1804  1451
1235  1403
1503  533
737  843
1536  1948
1547  641
715  1828
411  221
997  1019
1802  904
274  511
1066  928
839  1330
144  1643
1214  1692
151  238
377  679
133  940
1026  896
903  723
1709  135
974  1209
1418  1223
1319  1983
48  854
946  1199
1711  1178
1241  1843
1592  1402
1324  998
1845  1697
667  806
646  657
1906  375
1394  1772
1052  1040
1220  1645
989  1833
656  1385
1869  930
415  604
1211  517
1372  805
1034  921
1850  141
1952  361
579  629
1118  749
1229  1392
1908  843
874  1245
52  1563
536  1458
68  1004
167  1378
812  380
874  1011
195  741
817  881
1112  470
374  187
1885  27
35  354
660  1428
1628  205
880  1328
1710  149
489  1584
1941  1410
760  1626
1747  1465
906  956
1860  280
1425  590
10  467
1338  1481
1818  1942
719  1145
1674  306
786  1961
960  793
1112  660
86  989
1026  1465
894  701
1784  59
215  1847
1970  1765
1339  1463
1858  1876
1069  793
1417  1402
1074  1916
1377  1492
997  227
1722  119
1535  806
1852  1029
780  1958
530  1319
1877  1974
1916  1707
1268  415
1773  1716
1307  827
699  1232
1424  720
850  1883
830  741
1582  1117
63  1921
1722  1782
490  1112
297  1599
981  700
293  129
1387  878
1445  1004
1074  1849
1377  934
550  991
479  1881
470  1394
1954  671
677  598
1161  617
244  1068
564  1222
572  1743
1846  550
611  1751
855  14
1053  1211
1968  611
1742  152
302  172
776  1174
1483  163
576  1555
1009  1567
1620  1736
99  1544
1817  979
18  11
1420  405
1756  205
688  412
971  1705
414  718
970  1881
878  1003
1853  568
1548  435
463  1309
478  219
612  1507
1160  719
1479  1095
326  1083
713  374
1343  1585
1817  376
1978  904
304  1630
833  975
1122  581
761  571
563  1385
1663  1614
304  1005
147  807
709  702
1841  184
629  1404
1060  1530
1001  316
1973  1098
423  26
260  1021
1818  802
1447  432
712  1472
1263  1253
289  1737
212  1732
431  1315
797  1653
1192  675
969  975
1982  916
171  1139
1312  620
1317  1172
91  1042
1859  1664
1825  1445
78  1798
1134  1063
1156  200
461  408
59  80
854  661
496  1549
903  449
758  1782
1533  1075
519  287
1800  1894
1154  1786
1010  0
1216  246
1675  1542
937  75
1593  1170
521  1450
854  366
125  1295
903  54
589  483
667  1921
1124  551
334  53
1134  674
801  933
701  1380
1085  182
417  933
830  1631
1914  1912
1735  1474
267  1228
178  1621
522  302
177  630
1965  344
658  902
508  1561
1032  1423
1290  127
479  716
619  1256
207  872
353  198
481  907
844  1708
1461  665
583  1354
120  1447
126  6
875  1327
1546  1939
506  1281
849  1593
1166  309
121  307
1665  984
1405  637
1840  1759
225  1669
1314  1472
75  832
837  608
1725  897
1322  547
555  1405
948  1522
1509  1030
1346  1897
1390  759
581  628
637  913
1181  1573
704  162
526  1264
983  689
42  369
334  1046
1613  736
1933  170
1564  1655
1873  645
108  1696
141  1369
1724  621
659  688
515  296
602  964
28  1774
1380  1989
745  1219
1905  994
1517  989
680  1471
872  1078
280  1856
1386  1917
1713  792
1317  1450
112  1646
1881  234
1340  1781
426  331
693  1816
1791  993
1215  1129
1378  1722
1131  271
991  1618
988  1930
1271  1662
1002  249
328  1500
896  687
1493  1833
294  1212
1564  299
1050  405
632  519
1709  1829
391  1353
1464  685
54  1569
817  539
1370  1870
1015  182
1793  1726
1012  1994
704  10
570  69
963  1317
751  310
1961  970
84  777
1625  1889
1305  1772
1835  1696
440  845
1708  1356
1622  1461
422  183
1543  167
988  1048
1439  86
490  351
1403  1379
70  308
1159  477
108  1778
195  451
1708  1490
1608  379
1237  91
1758  926
337  1977
1912  1884
1737  150
69  1341
1016  459
881  428
1433  885
335  1971
526  689
1396  344
1090  81
1204  70
1470  1152
1307  1271
176  1839
43  1321
1557  1084
406  610
326  912
552  307
931  908
980  908
1775  536
963  340
753  488
1226  98
1721  878
1126  835
1144  624
73  190
1253  182
1416  992
1784  1484
737  1174
478  1243
147  1216
180  1247
632  918
1811  566
1308  904
466  234
1960  633
1332  1813
1247  136
1964  1740
1401  1343
724  1383
864  388
1695  363
1843  1623
613  368
990  1708
599  218
84  1498
1492  546
800  876
1590  1135
1161  740
114  609
350  567
953  23
841  341
1572  709
1856  338
607  1405
1917  624
1761  52
329  271
1075  1141
1059  1931
960  973
445  1627
1290  1167
1954  963
253  1555
104  1650
167  681
20  1074
918  326
1941  205
1368  564
919  1454
44  1850
279  166
81  374
788  1109
932  1228
662  1364
1605  515
892  855
1000  1433
1239  541
730  500
1875  275
1208  414
1507  120
1879  1814
1111  473
399  1192
1924  1575
1270  419
1117  608
255  60
694  736
1895  1053
644  1609
585  1348
1744  463
596  978
1515  1568
1938  754
1737  868
1254  1456
162  879
1982  1577
1844  1069
137  1381
722  1998
234  427
447  495
150  524
84  1438
193  963
773  1504
1019  761
1655  1505
1417  380
254  1723
472  1114
630  226
1841  1844
992  1044
744  1101
1067  235
89  1683
788  10
1805  1137
1767  35
1097  547
1224  1108
871  1792
1634  44
1687  553
793  1100
1386  1786
695  793
876  790
1898  794
157  1795
431  271
915  137
329  412
1144  702
1421  584
819  1918
896  405
1411  482
358  121
1198  1542
222  1151
1156  1302
150  1823
1878  1306
1833  353
1002  1810
576  231
1292  309
57  796
337  211
652  490
1134  1593
32  456
500  1637
1402  1378
1763  1583
193  786
1303  1126
1153  155
184  334
194  576
904  1445
1348  893
1325  469
1876  510
1308  464
502  1751
870  688
1119  47
583  924
687  1112
1927  739
404  1434
1690  1593
1938  780
652  844
118  660
1003  920
1484  957
1398  97
92  1537
269  2
1732  829
769  1222
47  1876
1839  1195
855  1426
1867  550
386  1327
42  240
779  556
5  1826
117  403
342  32
1523  371
116  730
488  330
623  718
345  1534
330  791
257  851
125  563
114  15
1993  956
1466  942
37  1524
1451  1610
1222  686
530  823
1202  489
1750  1044
35  1042
1316  1111
1138  1910
438  320
1123  1164
131  490
753  1566
1932  1170
748  1461
232  1535
1539  1712
1778  928
1735  1705
535  509
486  1223
1061  1950
1202  748
511  1573
112  1858
1222  1243
446  1836
1873  1734
603  1594
232  1604
1736  1367
1728  55
1946  1926
1681  1335
1135  1231
102  701
1326  1939
1613  101
1594  266
1649  219
853  949
278  1949
1245  24
1096  1398
436  1683
1270  61
774  1230
947  736
1001  1743
595  1042
52  1324
1006  1437
1419  1151
218  691
1651  1512
1944  275
902  1734
1897  775
672  1558
1632  1117
766  1198
919  33
1635  247
1067  804
193  1471
491  1211
316  1338
1637  602
1069  1146
1695  291
20  994
698  1948
74  599
1671  133
383  1498
1743  1153
1206  1270
1139  1969
1960  704
74  35
119  270
1920  206
1999  237
622  1552
878  1865
267  64
724  1152
214  236
1180  1050
645  1767
1098  377
292  161
1204  1407
452  790
264  1726
431  282
446  1046
712  431
268  1726
781  1176
3  1310
1449  1303
335  551
78  1279
591  134
1973  529
551  1696
398  1855
479  1429
999  1266
59  339
104  1373
344  174
1372  703
1070  1488
14  913
1887  918
626  1070
1907  554
1461  987
583  994
1472  1834
48  267
152  652
992  1698
1600  1293
1650  902
1494  131
174  424
289  1211
1169  124
686  1815
376  1210
425  874
93  1739
866  1247
1213  1601
613  1669
1289  1753
81  516
1283  903
802  1194
1267  818
796  819
1377  1052
454  1329
792  1120
1350  672
1117  258
959  1079
901  257
1032  1
801  1484
192  1891
149  77
871  1649
1160  514
397  1102
1135  233
37  904
1331  1875
773  618
1791  215
1556  1950
972  737
1748  1550
1879  208
769  1797
896  60
165  1025
1613  1073
1837  981
2  1384
580  63
1576  1569
794  564
1102  1297
347  664
668  852
1997  1272
194  1018
282  237
277  1347
1399  105
1412  1890
1994  1190
984  1223
302  956
676  958
1438  427
1808  631
221  992
1743  1689
1869  774
599  219
14  1506
88  632
1829  1266
520  182
1815  886
86  347
1960  1435
1707  627
901  427
829  1006
1060  1292
749  18
372  442
1672  1558
1785  1252
1458  973
557  1501
679  1164
875  545
1108  1153
1210  531
504  519
1060  1222
1906  718
679  1233
1860  555
904  1075
476  517
1255  1301
818  211
1478  861
549  674
596  717
216  782
681  1424
1613  662
562  1636
1087  472
1381  1913
169  228
1176  711
1238  1173
631  397
1078  777
200  1962
646  1694
610  203
296  1300
692  921
808  382
37  1095
1892  1428
661  1319
579  1034
652  1444
597  1932
1071  1785
28  1358
96  746
393  1397
212  1153
1737  764
403  1648
1056  223
594  888
1845  491
765  1647
978  1291
1895  1714
377  886
1160  1998
2  529
512  1772
36  395
8  1356
268  618
588  1825
1102  1414
1559  357
470  419
1707  1903
1909  1443
1133  1653
792  731
830  1142
791  929
410  1037
864  1376
205  1279
725  1633
41  1692
1823  906
832  22
1018  713
370  1051
1486  67
196  609
605  1208
26  1479
1335  922
915  309
1058  1047
1665  1587
1998  1229
114  885
1291  385
239  920
1541  1818
1039  1113
147  893
1856  1859
417  1643
806  1499
141  1996
1064  1474
969  981
1930  219
8  235
651  1725
1911  72
487  410
1766  6
1997  86
1109  1761
690  1110
1590  102
1003  559
1897  959
1387  1953
1408  1487
391  1989
1918  1431
1758  157
329  564
867  1150
1915  1998
1812  768
807  44
974  1412
1488  762
1260  1482
1170  1795
1782  1494
640  324
78  1082
935  17
486  571
1025  1137
1876  1705
1720  468
764  1771
1405  1886
168  956
1074  1283
1098  64
792  1401
1832  1823
1094  693
563  1836
355  948
1033  265
813  1618
1896  1385
277  490
1662  904
1053  663
1789  1289
1667  1232
113  625
669  1261
1535  672
710  1752
543  1042
1409  154
303  1358
1941  1102
695  1214
1668  479
1860  342
1711  1687
1965  1759
1548  1050
1227  1909
956  1686
1999  1884
190  487
1281  1091
102  2
133  1550
948  341
1704  1426
1781  428
674  1715
1618  91
900  1729
1247  1938
1709  769
1086  247
991  160
1821  1329
1836  60
1332  501
243  1862
1101  1331
968  1701
1804  319
768  1958
1652  1887
1603  1762
1194  372
315  818
913  1213
426  1472
703  1402
1491  160
915  1757
898  392
1706  1172
1969  1239
40  132
1887  1940
1298  1691
48  1962
668  1201
1580  125
478  1236
206  366
210  1877
351  1356
926  1191
1745  409
1763  682
155  1391
1425  1136
991  1031
1528  228
1293  1376
1654  1702
1797  1194
194  125
941  314
320  419
896  1077
1709  422
1024  331
226  716
1724  1058
1283  1726
739  1311
1058  760
81  57
1564  40
1585  1501
1344  1451
729  1894
610  361
1030  785
80  1664
1409  615
95  228
408  1621
1556  283
189  1381
623  1981
947  84
1481  62
1144  1043
1083  290
1000  1133
702  995
1575  1847
575  889
1574  1293
103  1149
443  896
621  75
1631  1967
1387  317
1029  28
869  242
1518  925
1887  1828
666  911
1127  1974
402  756
1592  1581
1445  1494
1809  834
1188  45
341  922
1824  1246
1196  12
412  1311
609  1205
1782  297
1559  317
238  1055
950  1270
1776  1634
450  11
1328  1435
1926  127
410  1314
1180  810
327  1410
383  492
1873  1603
1758  770
598  230
1971  44
580  1677
1648  1775
333  1046
96  941
581  1040
1988  1679
1700  685
1484  1023
1182  428
1759  1147
1529  1493
414  1664
497  1420
691  1946
1877  1007
802  1934
592  1484
1263  1533
1452  413
669  1560
1934  321
189  209
779  404
1782  665
1331  333
1559  747
870  1800
1328  724
1372  1842
689  564
1409  12
1608  26
546  1112
1400  1004
535  1349
294  1115
1710  1479
595  1347
1868  622
1951  730
1748  1377
1773  1089
794  1860
1589  401
922  214
1909  46
427  1561
1775  1489
1865  428
538  276
701  1296
1221  1414
1825  1248
954  674
559  285
1406  29
1020  8
1152  1962
354  1754
1344  401
568  105
1488  488
1428  1858
1401  587
613  50
77  1230
74  642
1797  739
944  1327
1561  1885
68  1577
1873  866
102  407
551  1218
1231  819
999  1401
1795  1773
1972  1753
288  1215
1821  1164
1558  927
1609  809
1316  1893
1868  1702
257  1417
544  1118
1514  1397
434  101
1850  908
1346  85
1155  959
1693  1446
168  147
879  489
17  1730
230  1826
936  1564
1704  604
79  1399
1155  688
663  943
1272  1607
299  1178
65  1565
911  1198
1525  1584
1898  1496
1905  973
591  1920
82  1558
898  203
717  325
1327  876
581  177
711  792
946  209
1584  1297
61  623
1080  1325
921  478
541  888
1031  1844
1184  940
1544  1179
1811  1818
981  175
1302  854
1617  1928
1457  1446
1229  1062
1410  1804
1551  1033
1911  1681
147  1944
756  1724
354  596
652  1463
1046  569
1851  1174
641  1282
1794  1160
1533  380
1643  864
1572  198
108  190
1943  1892
275  990
920  697
238  725
1726  1469
259  1220
454  1560
1464  800
571  1903
112  158
661  366
438  697
1492  611
1621  237
914  1589
956  1161
1843  1666
252  120
51  1616
267  1411
1516  1319
275  233
1642  1650
1282  141
342  194
618  507
1122  1857
1490  1797
1278  1296
543  493
1265  345
1464  997
1020  108
1439  547
373  174
234  141
1495  487
403  1486
1034  208
1990  618
686  479
849  210
812  1722
1640  859
266  573
1503  1980
913  849
675  1650
309  618
1956  556
1377  756
1008  679
915  1232
1700  376
76  629
577  1168
182  1543
1756  781
1169  1781
285  1431
336  1944
1541  1729
1865  546
462  1061
31  1148
1108  537
1000  874
288  1953
993  1682
1070  591
1415  1523
332  871
1922  1274
1034  568
1503  1370
1872  730
1449  252
132  1896
72  472
1000  749
462  1886
358  1925
1224  1215
1723  529
1234  608
1378  1046
284  516
122  1023
623  623
1818  1375
382  258
475  974
171  1392
741  1704
373  1175
407  715
1679  303
386  822
701  1358
492  1281
1916  1682
541  1886
646  193
721  1266
933  1277
1227  979
865  1858
121  1525
1742  1702
1299  335
497  1307
428  534
1546  607
31  176
682  975
535  1560
1940  1687
1070  1031
47  1258
802  475
241  159
723  1251
1179  1757
1908  1413
1820  1191
1632  21
1295  1793
1725  1771
1490  1781
1273  1286
1125  1207
808  562
964  1398
1226  1973
666  640
812  1458
1588  1650
1834  1046
566  790
1000  789
494  1760
283  732
124  786
698  1984
1238  645
1096  1316
1297  898
1047  791
1462  492
1604  1011
556  456
224  531
1239  1960
775  1624
612  1671
327  206
1425  905
814  1665
700  1541
1486  1922
1772  1168
1160  135
884  1173
1571  972
77  345
243  829
735  124
1075  736
218  776
403  1753
1020  48
1473  999
1279  187
921  461
1922  1297
168  746
1686  1009
808  648
1741  836
1529  796
306  1077
897  177
1039  1777
1563  1746
552  1713
134  597
1137  1502
642  686
1603  777
1294  161
1751  1062
859  1661
39  1111
1477  1000
666  1870
29  1954
1976  1326
85  187
1663  1571
1507  632
424  585
288  1451
1412  1917
566  1244
1395  765
719  683
943  1487
112  408
1979  1507
21  1745
1817  1348
1410  322
1049  1099
727  1917
873  1477
979  26
1811  1016
458  1939
11  600
1189  858
1690  1767
909  1616
1210  1185
398  1316
1059  117
645  1388
1413  1355
1473  381
645  874
1458  42
1529  186
1206  1013
1287  1588
234  1155
116  687
940  496
800  1738
854  1806
13  1572
423  602
1735  1048
1343  75
688  576
1121  1270
1706  661
741  1267
1918  247
740  1743
1047  1467
1580  1291
1289  700
1027  1327
1577  1251
1304  186
520  1413
1303  1480
1397  521
703  502
706  1995
788  336
100  1662
85  35
1412  934
1409  1246
329  1255
656  716
570  1669
663  1343
392  651
863  1665
352  761
1935  1316
680  314
954  444
342  223
1725  1368
314  831
868  1249
1219  1730
1763  476
1967  283
1382  825
501  1149
1098  577
1011  1254
314  159
18  1187
1318  1785
4  172
804  811
1850  265
1158  517
1275  1090
80  1719
320  888
150  16
1019  1630
1251  790
241  45
456  144
778  1001
1257  1297
1610  933
559  566
691  949
704  1836
1620  1288
1977  1009
1906  720
6  1137
1714  391
70  1701
909  1629
445  1305
1659  615
1251  179
1731  807
1329  373
336  1345
1716  129
1214  1553
1856  1747
163  1616
279  45
721  340
288  751
763  1075
1528  593
246  809
522  560
1838  41
432  416
1331  1204
427  1395
547  352
1813  88
144  226
1829  1656
1220  1169
1965  189
324  1534
1023  1385
1870  964
1717  848
685  384
1881  1577
696  1071
1112  119
938  1167
304  914
1799  982
968  524
1514  412
751  1902
547  823
1611  1803
1798  332
267  1012
1438  724
796  1157
231  404
782  755
1545  1436
1964  1140
931  1698
1200  129
1256  239
1499  1322
642  997
343  112
1989  116
1843  819
1222  1365
263  84
1477  1009
1691  559
189  14
480  1751
662  1637
1088  1131
869  1173
1700  1881
1576  1496
639  238
285  115
1346  930
1600  1695
956  1880
1705  1900
1364  154
1247  1958
1929  845
144  1090
1811  644
1229  1976
1155  176
873  603
47  42
1606  990
48  593
1094  946
108  1115
1817  882
1869  561
1015  1336
1448  1451
1386  847
660  1727
1838  36
1562  1150
1759  1606
1348  1949
467  271
1945  1412
122  868
1974  1313
724  500
199  768
656  1575
1706  310
112  599
1936  320
708  1543
718  538
378  1234
1589  1561
1025  856
878  340
933  1225
370  590
1084  1700
1585  1869
1323  252
3  561
1898  13
390  1740
1955  1231
785  1510
1352  667
1120  1128
812  1444
8  619
70  1188
393  389
123  485
1320  540
1720  818
960  84
491  701
1359  1364
1563  1189
1391  1786
1978  1114
1706  133
1052  1329
1856  1070
91  1527
155  1448
1359  1199
1806  579
1667  1344
1626  1565
298  317
1631  1991
195  1464
436  1983
819  621
1284  1041
777  604
1187  1975
1594  445
656  1126
671  232
800  1118
1328  1782
594  1205
1197  658
366  384
1938  1250
214  1518
977  573
998  919
1148  355
313  1409
1148  1494
1237  1982
1086  1816
1665  218
411  1076
1721  1173
1794  463
872  1693
1184  386
433  1209
1542  1114
299  494
442  574
407  468
55  1050
672  1818
1706  147
1185  1462
1608  1181
920  273
1865  216
172  1291
1294  802
797  1057
1104  210
1818  254
1100  975
1142  1662
992  1318
1420  1675
1964  695
558  1315
1631  207
749  1281
484  768
738  1290
296  174
1352  1283
614  307
1600  76
255  24
2000  710
1563  51
561  730
1246  1053
1994  1733
1891  463
1667  918
486  416
1325  22
978  1159
1079  719
1868  1744
1452  1369
1976  485
489  462
289  395
1962  1419
839  231
32  1062
1526  309
273  41
1349  1799
1753  1661
1387  1219
68  1036
1162  554
833  23
1181  1257
1615  864
5  1890
1377  784
1729  120
1090  526
1736  1057
629  987
1032  1118
529  1572
1816  1738
1876  1996
767  159
11  1419
806  509
1055  163
820  1123
1369  1412
1978  480
1407  906
979  1124
745  287
1333  593
1030  20
1872  1667
807  1173
1808  81
1906  1873
1264  1075
1003  434
1624  347
1542  1332
424  1692
457  1433
587  420
176  1882
457  1215
207  478
1162  1249
759  913
601  1024
284  1790
1063  377
806  1511
72  407
1812  1142
1564  27
453  1532
1005  1239
814  1493
921  1950
1112  126
195  1266
134  1779
1827  1122
704  657
1814  612
906  658
1624  657
454  148
1701  1794
688  1785
1437  1693
695  43
396  1164
1631  98
220  960
985  157
742  1513
1448  481
505  1986
1648  1229
708  1765
960  1166
1146  410
85  1212
533  1601
1871  1837
1058  882
539  1144
987  1383
1024  1299
1332  1286
716  1539
1119  1896
1585  89
1645  1022
1455  172
1466  1644
317  1471
803  792
1973  444
1115  571
356  810
1040  524
1217  986
1071  25
1031  1757
0  1467
1185  1075
1597  958
1393  1894
342  134
1665  1938
1961  1681
966  1549
1936  462
890  246
1852  1430
627  1128
1542  673
525  1123
226  834
1472  1299
917  308
1473  1607
497  100
554  1760
641  1824
374  1919
1002  1245
830  1140
1634  1705
493  1704
1981  1950
295  1326
1656  547
1919  5
986  1648
1452  470
261  1145
1229  1126
556  233
1268  341
273  1663
885  1007
1569  710
390  32
1343  1716
241  1199
24  647
569  1361
744  1192
68  804
1790  1920
248  1338
1457  799
1929  1029
116  1259
125  1662
205  63
227  1615
1558  1939
79  707
856  318
1341  16
1569  963
1419  1059
906  873
1880  754
521  1829
1269  1734
1299  166
1051  116
1794  686
67  247
1862  1846
507  505
1219  712
1180  351
788  495
627  403
993  105
1959  1191
473  1158
1820  1560
1919  430
1873  1083
1384  467
401  1248
1406  326
1832  821
1832  341
552  75
874  846
865  1624
1930  1262
608  1299
1916  833
1780  1634
817  1267
101  865
1764  1413
476  1786
962  180
1331  1960
551  414
169  744
1834  1872
473  103
981  462
318  1183
964  918
517  480
1836  709
771  1668
53  1859
559  1732
511  169
1167  173
630  1962
942  717
936  877
433  1467
808  1128
109  557
1579  1314
1161  206
316  59
430  767
1829  708
309  1496
1675  888
125  1901
72  874
1581  259
1315  1072
1973  693
892  1993
151  1970
1015  1571
1212  629
1046  1171
1267  951
1608  1424
454  911
181  67
1733  846
267  1714
1651  1701
562  520
627  453
766  1710
1136  1759
518  1390
1452  204
483  453
103  1532
1542  477
725  1043
1970  854
1914  1790
1762  135
98  883
1052  582
691  1376
1294  1451
1115  1428
556  126
1230  1175
1933  1376
1834  1836
1359  716
972  1844
289  1354
1239  1775
1290  416
897  1972
574  1828
1703  363
1990  317
537  1823
679  1028
94  979
935  766
1018  65
459  1538
1663  1361
1332  1442
1506  752
1322  177
1052  266
339  736
166  1603
1039  667
1176  959
961  130
1077  28
1288  103
981  478
890  1512
992  1123
1542  1312
423  14
755  268
1371  1546
145  99
1361  486
895  1064
1736  633
802  717
1479  311
1707  1961
795  812
784  62
372  1540
131  166
1473  602
899  1021
14  613
373  847
1793  772
603  1549
1791  1464
1078  643
905  1741
1409  1283
1341  968
1189  1586
1524  1170
1637  211
1463  1557
1166  424
1515  1085
1116  243
1016  786
1622  1452
1471  473
1248  769
879  568
693  766
350  224
1137  930
46  212
1271  1864
1617  518
1630  153
1591  1434
1113  1341
87  1707
1911  1625
1000  1341
482  1734
1425  1061
335  472
1557  531
1556  304
1014  1377
114  794
1313  291
1926  386
1581  1186
1397  10
1136  389
78  616
1587  1366
1599  439
800  1873
147  852
1795  1216
1936  995
103  142
1544  1864
892  1198
531  435
27  1945
949  1349
505  758
1497  1536
1868  1414
696  1714
1940  1894
668  441
1355  1759
670  1079
688  442
670  356
691  1990
942  1362
646  1685
1008  1193
868  1491
787  1932
448  665
1404  475
39  1535
252  945
1950  1285
1173  1637
1816  1182
1150  83
922  1116
1198  51
555  857
1431  980
1085  1425
157  796
46  934
65  265
490  1306
847  986
1009  667
225  1965
1181  703
1920  237
1703  924
461  1044
359  251
691  853
1552  84
1135  802
1395  585
817  838
1161  780
1147  1720
641  376
1461  1896
1409  1926
532  1768
257  876
1394  1292
368  516
622  1792
1576  96
1698  508
187  391
1790  1801
1784  498
1919  1644
147  1587
1632  91
1183  1420
1863  992
1393  602
1295  440
979  1847
981  998
19  381
1625  105
740  1864
1564  524
276  1113
1626  1157
41  1952
40  1019
1954  299
871  1876
405  696
620  925
116  142
1737  1134
1863  1734
1606  1414
1604  346
297  605
217  139
512  1465
489  1674
1718  532
33  1998
533  1222
387  1828
136  650
1350  26
1957  819
629  1883
1520  1037
1819  1519
1461  1769
1029  1009
590  1730
877  1958
942  1868
1987  397
553  1874
1859  1678
980  565
759  469
610  1502
443  935
1306  1751
552  291
1656  1057
582  1310
333  41
1943  1839
819  1441
397  627
76  1598
853  1947
331  1582
164  1251
1661  676
683  1115
1089  952
208  1445
521  1787
1105  228
291  731
706  364
303  1408
507  1012
1945  1422
1313  1610
1116  1808
892  1930
1171  1795
1588  1466
1257  670
1259  483
117  594
1132  847
1096  19
1082  1638
35  853
1030  146
1621  1179
933  1658
1946  759
804  413
1561  457
1793  1763
220  1651
1182  311
1910  1630
1682  1196
282  1808
1841  1230
613  411
1447  313
1128  560
106  1005
566  1447
1402  355
322  286
1248  1758
1860  1470
1958  480
1417  482
1343  115
946  1742
1358  1351
656  33
1975  1602
714  1055
1892  782
1016  1818
1156  913
1461  1166
1364  1867
1588  783
1621  1158
1304  946
2000  1995
34  157
1703  681
1701  729
322  1961
1395  1060
1378  51
1795  1891
1929  1135
333  1251
606  319
982  238
576  442
720  482
1316  629
1434  1592
1286  245
120  1955
1888  888
1868  1203
1417  1923
690  1242
1381  1100
1111  1633
662  698
810  499
1856  387
453  1191
1149  39
1719  1998
714  722
1894  1214
333  1876
1442  1907
1937  229
1848  1513
1466  1661
315  1490
729  73
365  1689
399  121
375  1219
269  886
1011  463
1755  1882
1583  705
389  1336
1262  1378
1717  1532
1361  976
725  749
343  1982
426  1352
1752  1290
409  1774
1133  53
1048  1204
1785  603
357  899
1031  1835
1205  1229
1511  502
1406  1639
1121  1797
1933  162
1576  1680
1814  1601
1842  149
698  1901
133  1883
1280  628
1912  144
124  1750
956  735
660  666
110  690
1739  697
1438  295
602  19
693  1529
1798  1861
488  1553
1275  1305
912  1055
210  1028
474  1599
889  761
919  440
1882  117
1522  970
1957  1600
1599  831
276  392
23  1187
1406  634
615  1585
1022  528
1076  1760
1091  447
1254  459
1607  668
1691  338
613  784
169  1574
826  293
1303  219
1659  1890
1825  1010
299  646
552  1884
1684  549
347  1343
801  1209
1542  1302
1383  1081
1316  414
972  202
94  1876
912  472
398  1449
281  1089
1560  58
941  1932
444  1667
714  811
534  1307
1817  1937
1573  1620
588  1132
567  1944
1783  1424
943  1757
1393  1249
1690  531
331  1707
1134  671
1859  1626
924  1780
937  415
1017  1300
1455  1333
952  704
1325  1188
1720  1393
1612  368
1879  1891
1147  187
114  944
548  1392
1338  242
724  620
737  365
943  975
146  558
543  891
596  349
1453  1100
854  763
1330  1500
730  1928
339  482
764  1809
1483  1844
1791  781
1288  1277
1986  252
175  76
1175  1107
1455  79
1667  1013
998  1946
1075  1921
1065  62
1195  88
968  992
1759  234
1810  951
1559  1794
938  1658
265  833
1602  1293
1151  1266
1630  1691
176  1785
1215  68
347  1872
38  607
1677  988
466  460
777  194
742  293
256  721
1829  1940
1778  1361
1272  1972
1239  1643
1645  1180
728  946
838  563
1203  1721
1309  789
5  1938
516  237
1113  1020
500  725
537  1996
1183  61
1945  281
504  1364
1911  1447
758  1104
120  1609
508  1699
1324  1025
21  1012
112  1515
1135  884
649  1488
1326  1560
496  1882
1923  816
727  31
1247  322
1479  1446
997  507
1460  1040
1278  1513
1514  1231
1638  1331
83  592
203  1537
1516  1979
881  32
1288  1428
920  366
1629  896
709  783
527  930
1535  1849
740  1826
1907  1446
292  1679
1225  1650
97  1646
215  1472
1982  732
796  516
1919  848
851  1703
940  1379
548  858
1445  285
52  1487
1327  319
1831  501
515  33
1993  1930
116  1473
1891  1777
1167  709
323  1810
1447  1427
801  1243
113  460
1143  513
4  1437
1229  1014
631  321
623  798
983  207
607  1292
1858  1178
1124  931
377  1150
765  246
1917  72
1392  484
816  714
1627  1807
749  1900
983  688
1517  734
933  1494
1752  716
562  297
1458  1979
871  1455
217  1667
1912  1580
1063  1776
294  999
357  1247
742  1645
1624  1386
134  20
965  677
878  569
1366  268
1293  964
1396  596
303  540
1823  1034
1134  1010
1861  1095
22  1452
752  1566
1372  1271
1759  986
1241  1551
1686  1105
615  1708
962  375
1899  1775
847  417
1394  1381
429  1571
1821  1455
1065  1774
830  1343
1834  951
1426  344
1596  276
696  980
866  1064
1984  1906
72  1676
392  1873
1813  1699
1912  1872
1865  188
741  920
1027  904
364  454
1218  1300
1354  1011
1828  1300
122  1047
29  1737
284  581
805  496
971  520
1039  1812
8  315
553  1153
1500  374
824  643
709  831
1000  1943
1381  1321
858  1516
1633  1812
1908  1691
389  1523
176  980
572  216
1856  1917
1674  1741
647  792
1410  1683
212  126
149  1352
78  1592
1123  1185
1697  1145
1837  1595
842  20
1480  1658
304  396
743  26
1350  1321
1917  146
1678  1568
878  126
419  718
803  1246
1090  482
1885  653
1410  1999
528  121
1298  424
685  232
1012  1350
1065  1719
1059  1131
427  1872
434  881
406  1909
1826  1663
1379  843
401  277
1810  1604
1779  479
534  1319
1001  1744
465  462
1394  1058
1320  60
33  153
424  637
544  1931
585  1904
1934  965
1399  1004
256  1431
311  1828
581  665
691  1847
174  307
500  1390
1536  1091
1579  1574
966  1602
407  95
1259  783
1452  108
382  1435
1442  218
1368  68
1915  1808
1775  1646
1621  864
955  1714
1542  397
494  972
178  198
471  78
961  1332
1277  543
561  1391
231  578
1645  1740
1502  1068
1380  1040
1428  1004
622  1647
727  1258
157  218
1067  1176
634  765
123  1746
1698  370
234  1455
1775  952
0  187
1525  116
604  1449
1733  1826
1396  774
1735  221
301  1030
85  1197
922  312
257  1700
54  1837
0  312
1927  1823
643  857
178  1832
1063  1308
686  1670
1039  1673
133  15
409  866
1622  1862
446  773
1065  790
1775  1908
646  20
1187  675
697  1155
1195  683
983  512
1362  1437
483  1951
470  72
21  302
1697  1397
1795  1009
472  1366
1673  727
9  742
818  970
1270  315
1266  55
1778  80
840  1551
469  1937
1776  1950
1051  993
1686  181
1427  1338
648  1233
1790  94
2  1076
1127  1463
1266  537
1950  1393
1812  558
1046  1033
882  1091
947  1509
1231  1337
119  1954
1569  28
1182  79
1303  1656
359  1805
300  1453
1220  1092
1135  340
934  790
1034  1829
878  893
1285  133
94  1445
1324  319
150  244
1151  1035
484  552
662  707
849  902
780  1389
1745  471
1778  1119
230  820
7  1767
1501  1060
1893  1134
1435  998
49  671
651  1411
1625  1990
419  1010
1585  1697
456  816
1504  1069
1500  959
1554  806
720  401
1843  405
1259  1580
1150  707
630  165
1300  1765
1835  710
1971  1106
688  1613
346  946
851  1884
1249  1622
1228  126
279  297
1864  1661
246  23
975  612
315  731
730  682
1315  76
125  1094
1722  1539
803  1249
220  950
742  1978
899  1439
21  220
311  1269
216  869
362  827
1631  661
903  1093
1080  1653
986  1716
675  251
184  1971
572  1912
200  638
1513  1525
834  230
1017  1905
1055  203
1447  1686
589  888
1819  563
901  915
610  1117
821  472
1146  1207
1167  209
1492  1177
743  330
1100  1767
1024  1057
1967  1850
1833  1103
667  1515
1731  1129
437  896
1516  1321
599  879
1623  1925
1975  205
1861  254
1740  366
1892  1667
1838  331
1357  1962
347  878
979  1004
1579  876
2000  207
1525  1732
1205  651
477  1947
1760  905
353  316
1473  1747
531  849
929  791
789  971
957  13
1818  1102
663  331
27  1852
347  1518
1295  278
1154  1157
1794  281
990  815
352  524
1858  1083
191  1757
1588  1754
1305  790
1811  498
164  1354
895  1582
1998  1634
1972  1544
1326  1163
785  473
647  1073
1878  1702
198  142
57  408
3  1894
713  1543
1279  332
691  1098
1135  616
686  751
1212  1180
94  1820
570  1456
1048  1824
158  749
604  651
220  695
362  902
369  1583
1461  113
1137  141
1872  25
445  1296
86  309
1844  996
791  968
642  1663
1365  1657
978  878
55  1178
528  1289
1556  913
648  1882
941  1207
1368  1824
759  1578
1959  429
1510  290
279  1953
525  174
1782  1679
1005  1647
1681  123
1382  152
1162  958
968  1668
93  926
1263  1378
659  619
284  1229
1807  1159
1932  326
376  1788
1519  367
1444  730
1824  250
122  1940
598  536
762  1606
1065  665
1537  1395
1807  1721
1696  350
1004  1270
1019  768
1408  876
324  695
299  1401
573  1572
426  1294
1980  107
1944  1692
323  783
655  1625
1167  1011
1068  1848
1538  971
1845  1146
1285  1297
1023  1986
1155  477
1930  197
172  733
390  644
1103  317
756  670
1269  732
145  1084
1235  1010
1206  1407
1862  1449
7  1077
1084  610
1230  1382
711  1014
1388  1330
619  652
1093  341
1128  1520
1412  930
1830  282
1512  902
1420  1873
1704  1087
1600  1574
1549  323
1543  1017
1656  1729
1264  1187
934  1436
1887  1795
268  1309
1101  1985
1455  1550
767  1732
1355  570
748  820
1047  1137
1596  193
1589  703
771  474
1682  1555
47  1666
613  1216
1034  780
160  881
239  1175
767  1408
12  1115
1776  1894
1520  892
488  200
1630  1293
213  442
744  321
428  1152
825  546
1126  819
1047  795
1690  780
551  662
1507  1371
1157  449
763  145
183  564
906  1541
974  1983
91  830
637  1654
930  241
801  1673
74  823
1093  1689
627  1888
1937  1919
1696  1499
1829  1431
735  1966
57  254
1795  297
1824  1550
1206  1470
1740  1183
378  307
1468  1221
421  1486
274  1183
554  457
50  1489
416  928
283  562
1267  99
1238  1477
1078  729
1989  1298
916  233
487  1188
1930  350
917  1214
1275  1933
686  1497
523  1442
1045  1648
180  635
1788  1266
64  46
620  1638
1739  142
675  85
1784  699
1578  484
1860  1304
413  1326
623  770
1670  1710
1603  146
1153  1672
673  1444
1194  639
1814  1589
571  209
1681  1376
220  1536
512  992
1089  1620
1345  1755
588  1283
708  1009
551  845
1496  1479
1423  482
184  1421
1108  1148
1357  644
1489  1003
881  716
52  1912
1296  1080
205  1253
787  1202
1137  955
1534  763
1057  1726
292  808
859  24
1588  817
671  1834
555  1019
204  1230
1810  881
319  960
1981  1432
491  1729
1266  945
436  1394
1421  1480
946  1325
435  507
103  468
381  1855
615  808
1864  1017
1748  1678
705  706
1538  488
674  1372
1256  895
1419  632
1974  161
1506  262
1895  485
1912  1819
1234  33
616  1729
626  1229
393  556
718  1168
484  1624
1072  679
1177  1979
626  999
1552  444
1937  1905
308  1615
587  1707
1215  1600
284  1716
291  1034
159  62
1330  1423
1902  859
1424  1210
1105  588
104  1392
979  1310
1786  1321
156  314
1945  1594
1583  1116
1224  920
1226  39
833  709
407  1949
597  916
231  1645
1769  1868
598  308
832  182
1062  519
549  1996
1572  1006
1272  932
351  1075
232  667
1364  190
1539  543
497  1611
684  802
712  1547
1999  310
378  968
602  153
1321  779
870  612
1556  1725
936  451
987  1409
121  102
941  1163
1420  1609
1305  964
204  543
590  1604
1991  274
603  1295
1908  1943
810  698
616  1762
664  155
1909  1463
855  56
1538  382
753  314
1335  65
1489  1013
850  831
574  1186
434  26
829  1104
1952  417
978  664
1412  1504
1799  1017
621  1272
781  460
1065  1989
1717  1145
1476  48
1674  38
809  521
108  1548
477  1054
380  1583
860  1920
688  1863
1737  808
1725  1399
291  1945
445  1847
1635  97
418  218
469  1276
1731  443
754  1569
1876  1498
1494  923
1012  320
1186  892
1162  1845
1319  469
946  494
1658  287
1846  1106
545  147
383  585
1643  766
341  934
1549  1246
138  149
1126  427
108  1970
1219  800
622  1432
1539  995
11  608
855  528
218  1890
306  484
1658  482
529  1757
1722  312
486  894
1728  1836
1999  1551
125  68
844  818
370  1121
161  1577
403  148
79  727
1773  1094
1022  802
1796  1315
892  350
668  701
1780  1147
454  1505
782  1613
1833  1823
1138  1058
623  822
1977  75
88  483
833  1985
118  259
23  474
1300  1720
1790  1021
1397  706
567  1351
1366  1220
956  1776
79  28
677  513
447  1689
935  1808
907  1358
239  565
1783  1346
1623  298
50  1210
1362  873
851  1296
10  1768
1671  719
1915  1773
34  482
644  1621
857  770
504  114
1395  373
1922  1360
1608  252
1816  350
967  35
1589  1002
1789  1255
72  653
463  1906
950  290
1303  1546
343  1230
974  1656
1355  783
235  1832
1405  1664
1956  323
878  1812
1104  1350
1402  945
1963  128
1395  1424
176  705
10  1527
1237  1325
1556  1645
1381  893
1228  1341
1583  1557
1759  555
1442  1350
1765  1793
755  187
1684  83
1136  1261
307  1861
971  1207
716  1019
913  1208
727  1471
494  1079
378  736
860  1109
1307  1851
1091  463
459  1969
1813  369
811  831
128  629
449  1033
1902  496
1618  218
1986  706
1124  1718
1557  1864
21  758
1566  1053
704  915
304  1611
1588  108
669  1160
923  1204
426  960
1210  920
1030  1892
818  1630
270  748
346  285
702  1572
1495  1782
1171  146
798  1148
592  1668
1123  1041
1777  1712
932  505
84  1596
480  1927
904  666
519  1078
1897  447
1810  962
993  1338
1137  1388
1282  1894
587  1626
1695  989
847  1160
635  535
308  479
233  1754
1623  1815
187  645
2  265
986  1765
69  373
996  443
335  802
842  63
756  1345
1832  59
1156  1923
719  450
1995  1516
1699  446
651  236
1699  372
809  471
338  414
317  536
129  1570
716  465
1812  345
77  659
168  1492
232  19
1422  364
34  1056
1078  1967
1255  1355
1798  916
1736  234
225  1688
1247  1411
602  438
460  404
874  1380
1576  807
537  714
1095  554
604  92
656  641
1085  1028
165  457
498  1340
713  1793
1960  611
1152  1525
310  100
1802  1199
365  1483
1072  360
1211  1675
1569  1424
88  1629
1160  926
337  1221
1904  1891
1500  1300
1921  1281
84  1636
1564  1793
467  1849
1556  1741
1895  642
343  1293
1809  511
463  1155
1469  1517
40  336
1174  166
1353  111
865  676
33  1046
1265  2000
909  347
1427  601
450  570
264  1066
876  1466
1765  970
894  1688
330  870
969  1087
456  1890
1092  1528
1732  1081
622  908
1849  1256
1988  1450
32  1399
943  1473
46  1858
919  1686
1177  1545
3  1857
1719  408
411  687
198  1359
439  500
511  443
414  9
1849  1025
1517  260
921  1767
766  1374
406  1023
1682  1238
543  148
1660  1132
1708  722
1726  1542
1086  1687
626  771
1108  704
216  920
298  1966
88  18
71  1451
695  332
1253  630
1769  297
3  1377
1094  809
1824  1784
1221  173
1061  747
1897  720
1871  1198
1034  1690
1596  75
186  916
1787  1066
267  1623
1724  31
1273  1283
1926  1035
1004  1224
1523  1859
885  1798
650  839
1449  1157
1570  1285
317  75
744  1822
635  1581
1322  1661
1016  1109
999  1615
565  1320
813  172
788  1865
303  1292
1651  1946
592  955
412  1385
1141  1557
1700  1397
755  526
857  1115
553  1057
1530  872
384  1854
1882  1507
1381  346
1545  1597
464  736
1552  1558
1828  798
1569  734
1199  492
1394  669
665  758
698  974
361  576
147  967
1642  954
833  879
942  203
675  1405
506  1682
1572  1787
608  58
1286  676
138  60
577  836
1088  716
530  1468
1826  1208
1230  1350
1661  1580
703  643
1168  705
1081  1270
790  617
1041  1443
906  1484
1663  373
365  1076
1897  220
1348  1744
1470  1273
131  1677
1511  76
548  1086
896  505
956  737
1575  1204
34  86
290  1388
459  1276
1081  304
1472  712
1386  119
537  1047
1706  76
1515  142
733  870
56  1169
459  1884
98  558
1733  1020
264  429
