10000
398  1798
1880  1953
464  1176
1001  1585
1513  1700
722  784
1827  1277
211  494
104  1489
475  94
1144  1796
1624  614
1850  931
116  729
1106  343
1936  450
1860  1191
935  1334
656  1064
406  1863
390  1286
163  1546
1302  1010
1164  981
402  788
407  599
430  1417
1715  1605
1449  431
724  1952
1764  920
1784  1237
934  1924
121  767
577  1310
1906  1171
1234  1238
507  1410
44  683
1811  1859
1081  378
1285  760
1072  1487
25  999
1116  1773
589  1376
1070  1965
1868  296
1795  1303
1092  1855
1278  393
26  357
474  608
1535  956
1893  486
1790  469
1234  24
1374  1407
1346  1852
260  279
36  991
79  686
47  941
522  480
1188  1250
553  775
1984  956
1305  625
136  1563
338  1417
1463  1553
925  1873
518  1839
110  780
214  1537
1834  1939
1435  154
901  1903
1607  1948
1946  1045
1428  250
920  110
1004  1105
1535  420
331  1155
1288  259
1403  1651
1570  942
1165  1646
666  1221
33  927
1522  1787
1869  1329
521  651
1750  523
606  1668
1737  1903
647  1660
1779  872
234  1845
503  1552
538  1283
561  1373
186  882
444  1220
1575  885
141  90
1035  240
1806  1510
707  277
394  1162
173  367
558  177
1688  340
1561  931
1397  1841
573  706
1194  693
1164  1499
1721  348
459  370
1181  178
474  33
1312  942
212  1749
1911  522
1302  1914
630  1046
1450  1147
1519  1574
948  1138
1515  511
696  1171
306  1417
10  1198
299  606
315  156
1354  1454
1336  300
9  569
1272  338
1611  1714
1331  345
1603  98
1904  1787
809  1335
98  70
1077  1591
1226  1063
1268  254
485  304
1864  29
1785  1355
1020  1686
794  524
649  1564
262  143
1660  1801
347  1315
1389  1739
678  36
89  1328
1921  629
104  1388
1932  1711
1323  1683
1356  1723
1774  770
1396  333
706  871
1255  754
1580  1938
965  1089
2000  1229
183  1961
1622  144
937  150
1454  193
215  43
1236  732
215  1379
485  435
777  58
1449  1745
103  156
1116  1840
121  267
173  212
325  511
975  973
331  1971
1104  236
617  1057
1443  304
198  30
1824  1428
172  1936
286  1629
86  1011
843  681
848  571
414  253
1015  283
504  1290
1195  783
1730  1439
1718  1457
411  470
1268  1038
402  512
773  955
1731  1003
169  1654
1693  1541
1592  755
1062  608
324  1477
911  142
158  207
745  1781
1003  882
1719  780
69  1657
1376  965
745  140
106  793
993  836
1525  168
899  1213
547  1766
1699  526
201  527
108  1076
1989  1661
1706  1530
1729  1214
852  1102
1867  689
1412  372
135  969
1854  1984
1084  1195
1732  1788
1689  903
1719  1509
987  619
1752  90
55  425
607  317
1066  308
1786  674
61  387
1360  488
1886  676
1630  184
194  136
923  1255
229  382
900  682
829  34
426  540
427  1518
1933  1610
1711  1301
1304  1137
1279  1068
543  717
861  1729
128  447
333  663
1429  1192
1781  1389
1076  1458
1579  1541
1397  389
77  154
1704  625
566  478
1926  1281
1989  973
1796  647
1877  1054
1076  1088
135  1087
49  247
1437  2000
960  322
260  1856
810  1429
889  1933
472  1664
512  1611
872  1246
1714  1032
1633  991
1250  1059
1867  1832
526  78
573  249
1304  150
1845  189
694  715
1375  273
638  1280
689  1334
1015  1190
280  1422
1132  156
1276  1887
857  1824
1854  1530
1672  1551
252  1373
413  638
1720  1899
272  1803
1582  877
1120  1186
1691  1932
91  95
205  981
1156  853
1893  1098
891  1622
1290  342
796  1016
1286  1869
1303  1991
785  533
1650  1702
915  1792
521  363
1390  435
647  1189
348  117
465  710
952  517
1139  326
961  1209
369  905
1524  1429
402  1937
1154  179
648  1194
1072  783
1588  780
1706  581
1801  548
682  487
173  443
1595  1398
1971  1554
1644  977
1778  1160
1356  422
0  699
782  795
1497  651
811  955
221  31
63  1776
1487  1581
1849  1841
1230  1875
90  247
1677  1540
259  917
1889  575
1713  1125
1354  1507
720  311
1256  1065
700  1318
731  1674
340  1126
1460  95
767  1877
908  23
468  1273
469  1232
249  1389
437  1358
813  1500
858  1038
745  892
251  551
1087  903
658  1673
1389  1619
1950  49
284  1471
907  1588
1594  1661
1677  1566
1410  1750
368  1550
1928  513
1634  1403
565  899
715  1912
1978  522
1364  106
1141  1656
1233  1434
745  304
1096  393
820  82
205  857
986  1782
1047  1040
209  1199
37  434
1371  79
962  975
263  1724
0  983
1159  199
1739  1865
1346  1910
1978  1890
1456  175
1255  1074
167  1481
738  664
257  1492
1995  1115
563  1604
1338  17
461  1020
595  425
1868  1264
18  1164
854  787
1738  953
1185  1637
674  1990
383  1070
1209  1454
1720  534
556  31
33  651
937  1696
960  213
1775  267
763  418
223  1089
1147  1558
348  133
1827  1302
135  1697
1310  1619
697  313
895  1035
778  505
1684  296
1832  324
1749  218
500  1674
878  481
761  709
1228  804
598  1215
1387  1000
496  1124
351  1357
574  1406
1770  1822
228  395
1660  842
1516  464
1907  1189
631  1063
5  966
833  1371
929  623
375  208
87  147
1381  1317
1685  1346
1820  1741
1455  1024
1896  1137
341  1732
294  977
794  1352
622  836
131  1247
1907  1262
954  1382
1876  889
833  507
491  989
1268  889
765  587
124  125
1022  270
885  318
114  1901
1886  783
31  1575
72  1743
1531  1175
1217  1956
399  1621
482  1255
1470  1837
407  1975
1482  397
7  620
1864  582
1317  521
1046  459
148  1496
596  1625
394  1532
1042  1795
937  1440
1518  1740
1635  1885
218  792
969  329
1963  1379
612  552
529  377
655  1820
211  635
946  1420
370  1819
283  610
479  915
669  859
1362  1372
188  237
612  445
405  1109
106  246
315  484
947  458
917  579
12  1234
1072  1007
358  499
834  1889
51  899
1959  1818
687  1637
835  358
1930  685
1811  20
797  60
577  1578
145  175
1032  826
1534  847
1963  585
753  1506
501  1627
1858  347
529  1896
621  161
472  994
1217  1999
493  787
1573  1543
1701  1062
1814  192
1099  1022
211  1213
1891  363
51  204
883  1741
739  420
1173  1010
307  795
631  582
1711  1040
1650  1772
431  82
501  73
1459  817
1050  279
908  582
205  1084
1577  1606
1085  1039
987  900
1338  166
1788  1442
558  1115
839  1969
586  871
1791  1544
1470  402
596  73
1883  1264
1576  1915
785  283
1685  500
1483  1630
1796  951
810  1194
256  250
1332  1377
1155  1451
557  1014
745  516
1363  750
52  851
55  295
532  16
1332  1515
847  1757
272  1636
485  69
415  1245
1738  969
516  498
1082  447
1663  1428
841  545
793  549
1200  1491
276  1441
120  1065
577  1512
740  592
407  531
1076  1793
516  27
557  283
1217  2
575  133
1649  858
455  733
569  74
1274  1209
306  1348
529  675
659  93
1705  671
98  890
832  1551
1921  1535
550  242
329  1942
617  612
856  573
737  1778
1548  1955
1596  733
886  480
872  1910
361  636
1718  1732
128  360
1514  1805
1114  1009
1582  1979
1755  979
744  1064
87  746
228  1191
1245  1293
490  233
1466  163
938  1823
370  1339
210  1407
184  216
1877  487
248  1707
1263  1617
199  1272
1383  1580
1003  1810
318  1392
449  783
1948  736
1715  496
1448  1337
1186  733
1716  1604
1697  280
1960  1251
123  705
1651  848
431  1740
55  1423
1959  1013
1601  477
854  862
767  1949
473  1386
1655  1424
1478  482
303  1179
892  1232
12  348
1473  1258
1720  401
1723  1365
1452  147
1873  530
452  1717
1275  1453
810  1149
297  1725
838  655
864  1367
1226  317
508  1844
1675  202
157  395
1807  426
1963  1436
1803  165
286  1699
1057  549
1952  653
773  1768
1984  1468
1285  952
1350  817
950  1428
1838  11
1232  31
1011  1235
1265  881
388  401
218  1561
280  1173
126  150
1658  970
485  464
1049  1110
402  1784
1822  568
1632  1935
1268  493
1817  918
949  654
189  465
494  607
1782  163
791  1669
968  861
1790  327
153  792
208  909
976  1859
587  265
326  366
1381  1648
629  1959
276  1698
189  536
1651  646
1102  777
982  314
1362  526
1160  340
1961  661
757  151
1369  1729
525  839
1732  607
1839  1565
279  1041
330  597
611  1667
1164  1841
1275  664
1263  1717
1684  369
1057  187
1134  950
1577  1883
1800  835
40  216
939  323
1922  776
755  367
1109  187
483  666
184  65
1303  765
1595  183
1168  543
624  69
1497  137
1465  1277
1073  1253
1393  1863
1216  217
1213  129
571  130
1674  592
916  553
1211  1738
1107  202
1325  387
1625  197
883  1274
1806  1184
937  594
450  995
317  812
270  1483
749  1125
610  1944
722  1791
848  1040
1267  193
99  414
1170  1016
1050  684
952  1468
1006  328
1662  1998
157  1773
1610  1969
1289  612
503  17
1943  1633
955  732
1382  1255
1940  1917
1896  1326
1674  23
292  593
1671  1306
1090  514
880  230
504  772
1479  860
87  1206
1353  379
362  1299
1278  545
1867  505
1897  373
441  736
78  559
380  312
69  1847
145  311
1712  1129
634  591
250  136
1667  1488
954  1909
961  1173
765  263
763  593
729  1484
779  673
1762  848
939  1435
533  1150
967  1437
1082  811
40  530
1669  95
184  468
325  1733
1279  447
77  1953
1002  1861
1520  1355
126  773
1000  694
1007  1938
1763  540
321  45
957  1909
1861  484
1947  280
85  9
855  1821
853  259
1281  429
1779  759
1209  1265
286  768
802  524
1065  135
109  1134
1654  208
124  188
1972  706
1789  149
1455  26
938  1035
421  735
1172  366
717  960
723  104
1362  1225
1149  1690
1664  1814
784  121
1181  526
700  505
1914  138
716  457
882  1950
688  1091
311  881
240  1362
262  1091
327  1575
383  1962
1147  1932
1407  647
1154  855
318  854
1698  392
1098  333
1600  1129
73  1164
1287  1428
1122  855
1956  1606
1539  1354
1378  1412
784  1530
1915  1967
1918  664
1723  732
1378  258
1814  1967
1826  1706
687  1920
416  560
709  1568
243  1080
1767  1713
1985  718
628  368
361  773
1753  20
1850  1068
1918  1088
1746  6
433  1708
508  283
783  1871
1341  1972
432  1694
999  1807
93  1064
1362  1903
1138  1252
702  532
245  953
1033  1364
1256  810
1200  1614
292  1142
362  1162
1229  1339
889  1688
925  185
108  395
1781  1517
206  135
1600  1714
1001  1556
274  538
915  1034
910  635
1715  1525
1413  1681
1303  321
676  1792
1115  1015
115  26
1508  1331
1124  528
1250  552
877  171
1472  98
1045  1100
928  1778
1942  1716
850  1766
1001  1326
153  1007
1390  1438
95  1382
510  624
1547  1104
1193  1744
101  89
794  1789
363  1342
1734  1331
528  1969
859  1485
1410  701
578  139
1727  1593
1617  446
1617  173
848  890
1382  1364
1109  486
9  441
680  158
1029  503
884  1831
619  1186
1862  1625
310  1461
1930  858
1042  90
1660  30
1997  908
1588  533
219  19
1278  1926
1303  1365
1014  1924
1684  1499
765  389
1964  106
1018  1330
1896  1377
1324  1739
239  752
1577  1307
866  590
215  571
1808  1536
689  186
1211  213
248  997
1573  337
309  1120
664  1467
462  498
1894  191
1311  446
458  1585
1637  595
912  281
656  1759
1788  1793
128  37
290  257
1091  524
1715  1490
451  706
1414  1826
1165  649
130  989
783  976
280  54
162  690
279  746
1497  330
1559  1639
1699  1616
1250  950
1357  1345
582  1562
205  1664
262  446
1687  1147
432  783
1966  1969
579  1271
21  1745
1599  1739
666  1102
558  1813
73  19
799  74
1189  75
1117  792
189  1052
286  855
180  1021
408  1212
741  1685
388  1477
830  980
889  1106
1207  655
563  1975
1087  1088
1954  1655
1572  700
870  1068
1881  1987
292  1215
568  1814
1620  1734
1019  353
301  591
1742  1872
1893  1401
1757  1163
537  958
915  1188
1722  780
1329  1367
1979  418
437  246
178  643
921  601
557  1742
1690  1155
466  411
484  887
266  1248
933  698
43  1872
1356  1644
598  597
1641  1861
1398  888
1723  642
208  1121
517  226
1025  1132
62  1801
85  814
274  226
781  554
548  158
504  86
88  416
1498  552
1803  1411
415  1529
1022  68
1244  868
1502  870
857  277
1503  1676
633  772
1494  354
1984  1043
155  1524
1536  1000
179  51
1893  1071
1276  380
1171  1507
1695  763
593  660
991  1206
1042  294
749  894
245  1275
1462  1281
671  1546
1503  1565
6  991
237  1109
526  608
642  1988
861  1259
1266  786
799  1091
1187  1455
1593  987
12  107
26  1833
35  1123
481  130
713  52
1999  1046
163  89
187  51
638  783
1106  30
289  990
505  241
1170  618
1429  34
1142  1590
802  1895
637  482
1984  1604
1288  1065
564  219
1754  1913
1124  1098
573  632
1859  1121
535  68
1938  209
1539  763
1228  548
1564  1239
302  1113
1482  756
324  1986
1582  1076
765  1292
1574  495
105  966
1719  1203
916  1686
178  238
125  1200
1318  819
1820  15
1583  98
463  1558
1884  516
1267  853
1109  1467
1066  979
1676  1595
258  996
310  1120
504  400
1646  1252
1949  1462
421  245
191  496
1319  595
1422  820
1720  1840
960  378
99  1621
1211  937
225  686
907  500
936  1250
858  557
1762  420
710  580
1939  1963
574  1596
1818  546
451  326
1801  386
14  892
418  1135
730  1482
799  302
166  476
1317  477
1721  904
782  1444
923  1157
917  537
1909  1679
1022  443
24  866
928  1865
1108  1620
1619  1512
531  1050
1631  508
1098  354
1710  981
1686  1483
991  179
1896  985
1328  572
737  392
935  417
800  1762
1812  231
664  1143
1469  1993
1464  913
418  165
1169  1808
471  518
367  365
1113  675
409  1453
128  247
1080  1827
1221  982
826  1689
1712  19
1806  1437
1013  733
478  153
158  1557
41  82
589  1403
1359  1620
1845  963
1563  1846
13  1109
861  1888
1582  1158
1915  1020
284  1174
119  1698
401  313
118  339
1316  1984
784  1452
668  1319
1784  805
715  257
1060  379
1192  171
1499  1955
1289  360
851  894
1920  933
756  1356
941  1385
430  1518
41  55
1357  1037
717  1262
1600  412
80  19
21  346
782  921
125  1187
1741  1129
1454  842
406  913
810  1846
403  1914
1391  603
1574  751
1680  317
1060  1583
1895  1951
742  1587
333  938
653  839
1608  61
1677  1849
1451  1423
832  729
86  781
875  683
271  170
1161  1042
681  1278
1906  1033
544  1953
93  252
1726  1103
84  1574
954  1129
1767  1174
276  1442
258  478
1897  460
1426  161
372  774
633  915
393  489
650  1705
1411  665
657  916
1502  247
140  1323
1940  312
1123  949
1358  1090
258  1284
1001  344
1205  172
1189  823
1799  391
1772  1713
1580  552
1489  1876
1282  275
1796  378
1211  1031
1227  402
355  1601
1447  1109
1579  1097
1694  626
908  993
1480  168
1609  1760
1710  1075
1454  710
1314  1334
688  100
1951  1894
377  786
955  1054
1622  328
1075  702
1093  1226
1365  1046
19  1849
1233  1823
275  658
1055  45
1565  984
1535  276
821  97
1437  950
173  21
812  141
990  124
1659  543
972  440
1799  271
1269  573
781  1141
326  63
26  856
1827  1222
1310  1480
1919  1328
1143  1533
510  255
1866  888
1381  599
436  1411
1634  1422
640  1711
564  672
333  260
1134  1264
100  1986
354  1642
485  1589
1451  1435
704  173
575  1307
1242  281
1766  481
1299  1040
746  709
1055  1281
1239  401
30  1859
1564  1683
255  201
176  210
1106  884
1528  38
502  1811
113  1032
886  1063
1633  1944
924  1244
220  288
974  828
642  977
1273  672
974  1274
1836  71
1714  1699
175  835
1292  1772
1773  27
1365  1610
541  601
1162  872
1360  776
1628  1679
286  1497
1412  390
995  1608
514  1748
345  1818
972  53
1523  1028
1109  1056
1365  1429
1511  778
31  1816
1938  915
478  824
1979  1093
1722  663
1385  1456
1729  752
617  774
1455  1073
1992  189
277  185
581  715
609  302
1379  325
1517  1349
529  581
1910  502
1703  380
455  336
1570  1789
253  226
450  1877
429  1937
50  1149
1520  277
1934  1655
1471  1840
1659  468
171  293
351  1758
1149  984
1867  1027
1856  692
1176  1776
1439  1412
290  966
1847  649
1960  925
275  417
407  736
1787  1721
426  1351
1531  439
1222  383
1647  364
133  1314
434  128
1578  58
1989  1894
467  1934
1002  755
1354  1309
503  937
1186  1596
1051  1905
304  1485
531  1756
1640  473
421  66
1162  1771
1782  1888
224  1423
1108  612
109  331
851  679
166  1008
393  122
228  612
1912  1732
1941  1589
648  1128
637  1250
775  1949
466  72
1288  1562
1543  439
282  1000
584  1355
625  267
873  1585
184  328
644  1124
193  1732
807  1056
569  1787
1858  1362
1871  929
740  666
931  1556
1666  52
308  1553
1442  147
655  386
1042  1208
552  147
30  39
1986  1093
753  1807
1323  1523
937  1529
869  1321
1627  238
1488  635
1821  650
285  893
874  866
1795  1990
1554  992
1541  1188
1387  665
250  96
1496  715
1930  1662
1573  782
1405  1376
401  282
733  1870
1549  735
1422  1454
99  662
1651  1917
795  129
1481  1164
1524  1258
1835  421
1534  446
916  1426
1016  723
1709  171
364  528
1964  1486
394  1704
771  901
986  940
1121  1178
440  1777
727  383
428  713
686  1690
1720  866
1961  482
459  329
354  20
124  223
1977  877
900  1895
686  1826
1346  1614
281  1659
1  1667
143  604
1522  687
1911  1863
1398  1258
111  965
732  1389
1656  1611
60  1026
1799  70
927  658
715  575
430  574
784  685
1378  1959
873  273
399  1871
610  649
398  1138
1865  1091
1253  1816
200  198
1283  1154
928  783
1178  74
822  605
1223  265
1046  722
1614  1619
1530  1762
459  477
669  612
1229  517
1379  467
1589  1595
522  1437
1457  58
604  1557
1783  797
1535  1160
624  438
1300  1177
1550  833
1474  280
1954  1642
587  721
361  474
163  1919
380  1662
869  917
1227  1825
1107  1669
998  1519
300  702
743  265
816  312
461  1305
1830  1142
1144  23
346  409
1522  188
1064  1536
1182  1763
1209  1275
1654  1014
140  1039
277  1071
975  306
1435  1271
1922  759
661  929
1615  422
1742  650
892  1163
1961  1290
1875  1863
1942  91
604  604
962  834
861  268
1198  123
784  1699
1180  138
1219  1508
1340  1318
392  446
1956  1901
876  1264
112  939
474  602
204  1219
1137  1775
177  1456
521  659
1294  1369
1568  335
623  1252
1596  1994
1354  1740
578  1968
1024  1371
1253  1910
1587  310
123  618
1497  1562
48  277
903  410
138  1516
1755  1447
445  1978
1676  1219
1074  153
1034  35
830  343
843  246
1870  1652
1506  1310
650  586
1240  1880
115  978
1862  410
1421  654
1295  183
1587  1625
278  1309
420  684
330  1600
1333  561
541  1812
1840  1835
772  885
280  271
1198  1398
739  192
751  588
1913  1909
1677  431
1814  1057
88  1243
526  177
636  1431
1440  1601
563  1872
1721  1892
158  852
1477  8
281  1519
222  204
888  1745
1050  1970
154  834
1229  1180
1009  865
443  1430
1242  567
1508  509
1908  269
1675  593
158  912
458  730
1552  1693
1180  172
62  158
154  428
1609  126
1531  1360
1847  855
1569  1337
676  120
1589  592
996  731
1692  899
499  1740
1433  1440
359  794
1511  1927
1170  1867
1430  1391
1147  1383
927  110
684  873
503  1276
1212  978
1423  1105
523  1249
1997  1820
868  151
1580  199
457  1546
1108  1740
1660  628
1909  1959
1025  786
88  1900
1757  241
1695  421
1027  1909
1278  390
108  439
736  1982
886  1580
904  1681
1832  793
1112  1624
1407  1327
1168  275
1235  135
883  1271
1850  156
1160  1865
1110  1053
1040  1284
910  736
1073  735
706  648
1165  924
416  1392
1604  1785
1997  884
1833  506
1339  792
1587  541
125  551
237  123
947  388
1368  689
577  639
717  1311
1731  1477
35  426
810  889
170  151
86  1013
1131  1776
1458  1125
1249  797
1476  152
1376  71
1366  601
689  1769
1547  1691
1070  418
1426  1367
1692  633
1493  102
1216  1244
1333  426
1263  345
1543  629
1369  1414
372  338
1572  1189
397  123
1841  72
1450  1563
197  924
1533  586
1458  183
748  1216
908  1315
909  1611
1537  878
1800  1111
645  236
421  517
1950  1349
1240  887
751  813
1929  618
1888  1092
814  363
228  367
1998  1668
1934  1206
441  328
1009  1161
978  1394
1632  1411
33  1473
627  1827
728  118
785  15
1916  1061
1154  143
280  342
1865  482
1830  774
1805  709
288  515
222  1847
697  542
1957  1726
1417  661
1599  649
680  848
1053  281
631  942
1415  1920
647  1646
791  1402
1898  1220
860  574
1491  888
16  570
1500  1836
546  1774
1982  1903
1728  1206
1318  1724
475  1269
1765  687
1620  1827
175  895
495  1525
20  149
1760  1459
348  1786
728  299
1795  991
204  988
1674  1020
814  1792
1074  382
1499  1356
792  31
1941  857
1762  1894
1362  181
1676  1690
1110  1952
794  1512
1433  189
585  1577
217  38
259  1071
661  643
615  1354
841  647
496  23
133  803
300  693
1332  411
1689  850
785  1028
1558  277
904  370
1417  1089
601  754
1254  290
1747  1240
143  1075
1281  1294
985  1031
920  1817
1137  639
1622  927
132  1315
50  1750
1540  1602
221  222
8  37
1632  362
549  562
1375  200
667  1794
1076  1947
1449  1018
50  1548
856  1568
560  238
1137  161
765  56
1270  18
908  470
1799  1255
1120  788
296  719
703  373
1492  1396
448  434
737  1082
1054  1753
273  1512
1156  860
1443  1501
1139  715
1936  784
1923  1354
1342  1048
1827  920
555  1131
778  605
542  405
712  1142
1145  872
943  1981
922  317
243  1846
455  1184
731  1007
1323  1268
846  790
713  1954
68  1525
964  537
1688  1626
1871  1064
1567  674
394  590
1962  500
1556  1824
283  1805
1929  920
455  0
275  1183
242  161
1914  1443
662  347
1058  701
1158  271
1515  1618
1612  24
1668  1177
1431  1972
804  292
1186  571
1022  1885
569  247
817  505
392  208
202  219
246  675
1946  526
1046  1464
1446  859
1383  151
691  305
334  1300
1478  1013
1703  1562
1133  67
1995  1450
1573  817
1591  1536
659  578
774  202
1329  304
1601  1083
1516  882
73  1481
505  850
382  345
1501  1020
612  983
86  648
136  1769
1700  759
576  1049
210  1026
1414  314
821  1077
1511  723
873  1606
1938  769
1092  520
1677  1710
179  103
1299  1968
376  287
1479  513
661  1827
631  1040
465  1189
643  1800
404  604
491  288
954  1342
211  1927
1714  138
251  373
1928  9
1899  200
602  1051
625  1053
125  1951
441  396
1269  445
879  1262
140  1630
1338  413
810  65
352  1674
659  759
1903  1294
330  734
596  1371
675  1302
880  1840
704  819
57  1802
1946  920
1156  1534
690  162
1270  1683
303  76
1820  1502
170  1627
1788  833
1482  859
1155  840
99  404
819  1026
1201  1543
383  792
1874  1997
966  1073
750  644
1235  566
1546  142
970  923
1597  1614
198  1156
807  1779
1414  1016
1310  823
733  1926
1822  992
1272  328
278  1883
1161  1282
1542  39
679  1352
1213  813
959  283
1020  405
1303  539
398  669
1895  1499
1225  559
1094  1119
554  998
1339  1390
1796  836
385  1261
581  1392
1490  190
1781  589
1328  636
154  1117
1705  169
576  331
586  1464
1962  1340
158  1302
330  163
1549  1768
844  546
253  1419
112  1903
129  719
426  913
75  1700
247  12
515  867
1700  250
1189  1555
1816  1484
698  269
1399  933
1300  2
1998  1218
836  1879
53  795
607  240
1430  647
354  846
1727  686
1276  1536
350  333
1386  1464
1395  639
1680  1953
627  1646
1672  98
497  1000
818  1857
726  1213
8  828
70  1410
488  1517
456  336
1806  1547
1838  965
1545  792
18  916
1670  1813
720  659
1637  905
1848  177
668  1241
1216  961
1388  1810
1194  1834
1715  1802
478  1650
165  323
1831  885
1131  1077
592  903
1615  130
1413  1257
1104  447
1963  1594
0  988
355  1185
559  59
924  59
616  1727
1153  498
1560  1279
955  1626
413  154
209  1655
44  68
1245  1500
731  501
437  736
994  1066
1188  579
1096  673
1293  791
835  706
936  1064
1829  445
1145  996
669  1862
542  1468
1730  1660
945  1347
1393  1941
173  90
1502  1916
482  1504
866  1968
7  480
1085  1224
936  1000
1493  679
1974  204
1266  653
1034  1733
48  360
31  1669
747  1921
752  175
236  907
768  868
939  718
1811  1333
707  1654
141  360
1702  1584
1950  1359
1016  1260
187  556
527  952
595  683
1446  122
892  918
982  178
365  1888
162  704
1855  443
956  129
326  947
1641  601
233  209
868  470
1447  1879
1046  151
1021  1393
761  1787
1272  1117
1060  762
345  423
1702  143
1712  95
1845  67
127  727
1886  1664
1752  1591
979  248
1504  781
1481  206
1425  1502
14  12
63  60
354  336
1683  1163
856  1641
244  1789
1879  647
1887  1221
197  1059
67  1807
607  1293
754  960
1242  1010
556  1176
1093  1619
1680  1009
1014  1210
79  656
1628  1449
1963  504
977  132
1727  1238
478  331
245  1243
698  504
1428  1294
109  608
1109  375
675  788
208  872
1462  1822
1644  439
1721  693
1691  125
1118  1079
1906  297
329  284
1320  1868
921  1486
777  576
699  1659
1033  1331
459  1074
333  1560
1716  1573
1635  992
252  1074
838  1979
144  583
846  1662
182  507
354  678
1199  1975
275  1291
1377  323
1167  1004
388  796
727  1221
1036  673
10  1844
1395  1776
1787  1012
671  360
1057  1649
439  392
1593  1840
883  842
1079  1298
1052  342
815  860
670  1188
292  1281
1261  1497
515  331
650  1813
951  770
1867  1496
1773  409
1816  1162
536  1802
402  1810
555  1786
1653  1391
845  1983
75  960
426  1856
966  197
1609  1691
377  949
525  150
82  1585
1850  1219
1741  767
165  1991
550  1904
1329  1594
902  224
1462  202
1637  901
541  1423
1358  34
1356  1146
1378  195
1433  1071
1877  39
169  1397
1804  1483
1135  815
1756  916
1155  1219
86  938
853  7
712  1644
614  376
13  626
1668  1123
1701  1688
481  1180
1085  38
1031  1185
698  1832
1585  1427
1842  95
1102  1986
523  1587
1807  1729
1280  351
1750  1023
242  1325
547  1399
1611  1410
1685  1466
1739  836
727  52
1991  1831
768  364
719  1624
78  1711
1923  390
469  703
251  1468
1545  161
1561  291
1787  328
1407  961
948  600
553  960
1449  1982
801  1385
1701  1137
1931  1226
502  1129
355  1926
931  1420
1015  1760
628  1249
306  834
672  1264
863  90
845  258
1812  1114
1230  947
247  686
326  473
1562  1616
1773  1214
1428  43
1447  830
1863  1466
972  1059
135  1119
549  1505
1157  1973
345  1092
1423  1426
900  1346
1211  525
1969  369
1173  1884
560  21
357  457
1885  579
1521  1963
715  1967
1645  403
1332  1047
1287  1374
1061  654
421  1725
925  203
1657  708
1037  626
469  698
119  1471
1857  188
1207  471
1244  1054
299  1806
1992  1514
616  1542
1846  842
1857  1653
1849  646
410  1315
1978  1838
1894  1108
661  1835
294  1848
1180  524
1137  497
523  1963
929  476
1549  848
129  1428
1468  1467
404  620
794  669
1716  1433
1682  755
322  1174
1410  1453
234  864
204  1053
1619  1036
1590  1660
398  1116
1633  1657
199  348
313  94
1810  496
696  1503
488  1153
1706  1158
1559  1272
915  1618
1585  1646
165  1434
113  576
721  598
1762  1140
1191  955
1603  467
1734  114
288  624
514  1698
1607  607
60  1016
418  1786
1319  1139
1889  1878
1246  538
57  1529
1832  1671
543  946
1316  1028
699  1566
555  1802
1553  1729
135  453
418  1578
1231  1862
90  67
583  1381
1286  302
1395  1806
129  337
728  614
964  447
524  242
938  648
1208  319
401  787
402  83
904  1071
1504  824
1174  942
1556  1928
1934  753
462  251
852  1306
121  51
520  1807
1021  1701
1621  883
1919  1881
598  545
1080  553
1902  1882
727  1676
1879  334
539  866
65  1110
1737  838
19  790
947  1287
172  1556
996  1589
905  777
96  1947
1668  1346
1306  391
931  1501
1771  907
1633  357
272  1273
242  1685
1438  1817
650  312
266  1393
642  34
1292  1460
229  1861
132  154
649  1537
384  1906
1413  1344
974  1149
1519  1537
670  539
787  1896
1751  273
54  1415
1037  1383
227  635
1218  1520
6  1056
632  645
1966  1548
37  232
1204  1535
1259  296
1644  1490
13  602
729  1586
33  1751
965  1116
193  1382
1408  373
1051  843
1669  1969
718  1303
59  1332
1299  1648
401  408
271  1335
29  1530
1698  898
1862  83
1656  1835
1858  518
1945  1034
1731  1596
1007  1460
35  60
1918  721
444  371
1668  467
239  177
1534  1398
655  992
1218  847
1498  650
1476  618
1648  635
64  118
1732  179
732  1668
406  1306
767  776
279  420
391  1692
1550  1798
1128  1863
324  1601
1713  347
487  250
14  913
231  1376
723  313
1589  1789
1285  137
567  1724
329  1305
1515  744
192  902
1920  1210
1999  284
1187  571
645  1037
551  767
1794  154
386  1864
1534  1509
775  1046
339  22
765  617
1725  96
470  1277
574  532
723  1715
73  1013
375  779
231  912
457  1384
1268  1589
697  626
1046  1558
805  246
452  1200
797  866
1154  611
662  33
23  850
362  1627
1679  1909
476  982
669  1642
1687  867
538  1312
12  671
1047  1245
1582  150
154  1377
409  1067
717  1601
265  802
569  1053
579  1303
328  1716
143  148
604  468
155  996
1987  758
1460  1933
799  1002
493  1058
1159  23
105  1451
314  1707
201  777
690  1159
1498  992
875  1435
1012  1712
416  867
1725  1445
1853  977
1236  1465
1658  731
621  59
816  1058
1968  1429
1447  1236
968  584
1498  1435
1963  1770
334  1888
886  499
1761  1929
753  1450
840  1289
317  1362
1932  1295
456  423
673  851
387  949
1523  638
1357  1795
1373  818
1832  1988
1617  262
313  768
1050  1720
736  657
1526  440
414  303
1235  38
434  171
1790  1980
700  1411
112  508
368  1870
1037  696
1183  1010
366  1824
1271  308
1377  22
847  1132
589  1133
1370  1892
399  772
1549  874
1872  1277
501  1707
1766  815
503  1186
1533  959
901  386
633  842
549  1150
224  1193
472  248
867  1493
1092  443
907  691
1556  396
252  1329
1503  1297
655  1000
641  1309
293  816
808  455
894  1902
1469  1559
1906  333
1964  942
1975  1607
834  797
1672  1265
600  487
569  1474
792  363
804  1533
901  1306
1963  443
40  232
1590  1060
1789  1238
1858  1822
1643  1477
1750  495
1989  1116
1488  1681
1359  1167
374  1796
495  1019
1901  1504
1591  1340
155  634
277  1458
1666  1315
980  95
1151  1581
1625  1942
1380  812
1782  999
850  1750
1062  1477
986  930
1576  786
336  846
113  1693
382  1792
851  672
1379  107
1193  936
890  261
1105  678
117  858
301  1742
581  406
815  1173
1262  776
1799  183
1047  919
156  1291
282  941
174  1543
1518  232
707  1943
1201  1812
1121  1552
1177  1676
908  393
1327  1416
1013  1536
612  292
1342  136
1480  765
441  1856
846  1337
1336  1750
1367  1306
1276  929
499  1779
1918  1231
1395  22
1788  1379
84  1372
1616  70
1647  1885
1871  36
329  1087
1537  1995
820  157
1555  570
982  377
378  1888
739  623
1798  101
504  1760
127  473
1770  232
222  296
1239  1475
1702  1790
1454  14
343  615
1986  434
118  1313
388  1450
502  1268
1036  551
1610  1226
1922  1820
482  1067
572  1285
1916  504
158  492
309  209
924  744
1377  385
1203  1178
1115  1845
31  339
1980  1292
389  590
1636  755
54  223
1483  72
1041  554
1383  445
1352  137
1417  1247
1249  1324
1811  1854
1389  1291
857  1384
1087  1954
1830  372
1226  1743
1360  1394
1160  1999
378  710
892  1814
1581  257
1266  1940
1980  70
698  1838
1122  336
1354  545
1642  213
186  249
618  1950
1767  448
1426  1554
150  1475
816  1737
1556  491
1940  1701
1982  951
674  866
123  88
876  1861
692  1842
1935  438
717  1351
786  853
1416  1897
485  413
763  116
1721  1156
819  1177
1911  1221
825  608
1047  239
477  26
1497  273
760  1217
806  982
963  1631
563  1968
561  1367
464  1678
315  793
78  1096
580  1824
1966  41
1113  880
1473  165
609  749
17  855
395  1448
1995  611
209  1031
966  1959
786  1447
1185  1570
1065  1308
884  1989
97  1283
446  1431
1184  201
329  627
425  565
1452  1252
142  1201
767  1199
397  1809
622  1327
1210  832
707  1974
1219  1767
1027  1212
1741  618
913  1077
1855  1819
1178  470
606  865
883  113
1101  1777
393  181
1868  879
586  204
1873  848
1683  1567
487  1206
1176  949
1218  535
404  473
1401  1660
895  1043
652  991
1026  220
1987  1012
977  946
376  42
547  1520
1009  45
1931  1693
759  1496
1895  189
238  825
1534  1622
460  1610
46  1486
1289  67
1390  931
534  134
1080  840
329  1161
1959  1459
1494  42
1730  1863
304  534
28  1633
1906  524
244  1139
1025  1264
672  1580
1812  577
616  1280
1180  1275
858  1412
723  1683
1807  1042
1758  1044
290  596
1910  1124
1768  1467
603  1333
1751  435
1800  370
1768  1764
1337  391
1477  1724
669  1093
1474  160
1657  51
1291  82
308  890
862  308
410  93
329  1096
744  865
405  1689
709  1958
1410  1659
1622  1575
1089  605
324  84
26  367
1157  542
1367  1462
27  1388
451  961
770  409
941  1382
1362  1995
582  1441
459  211
1300  788
904  308
650  1529
693  352
552  11
849  1758
1982  762
73  726
1824  24
477  99
1054  450
511  1105
827  1118
1712  1498
1311  291
1902  1567
1935  1338
1821  1311
1435  360
1317  839
1234  1991
1253  23
1623  1927
479  960
101  1172
1206  1150
737  884
1099  1643
266  1283
26  790
504  1654
1007  213
1160  1552
544  251
945  774
1198  202
592  191
481  1761
1921  641
703  984
1669  805
1132  347
770  214
603  926
285  1604
1118  807
1130  1786
1036  677
281  404
1717  1976
722  850
1552  1324
913  1885
1903  1484
1717  397
342  1794
1426  578
695  1007
1212  359
1902  1969
746  1696
1560  308
172  645
1904  558
1065  1242
1483  523
1284  143
903  1030
429  368
1827  1152
506  241
189  1101
1417  1154
1751  1654
505  1116
411  97
433  1171
94  1320
1469  172
179  423
1370  1404
945  1679
645  666
1094  573
533  1036
1982  366
16  1837
1828  139
68  1967
499  1302
461  1022
1599  872
1386  1763
47  549
881  879
1996  1093
712  1184
322  1552
945  441
355  1539
1822  1225
1739  1040
66  863
1612  1264
1946  1593
639  1245
249  1506
1765  1864
1216  342
1610  1768
1530  1227
1076  1129
108  1820
272  968
1025  1678
506  1025
141  470
1576  440
106  220
1929  891
1295  1725
1659  995
23  1225
1715  786
26  1862
646  688
1125  1319
1175  1386
253  1159
1995  702
1816  1193
45  117
1905  830
1497  1321
505  846
1601  927
893  1667
1134  978
598  1208
1879  1397
865  966
47  17
1853  1268
440  402
584  1130
34  1774
1463  498
649  525
393  1445
1016  1879
1705  1485
1006  1145
1985  1786
466  331
1519  1939
1790  98
1801  1611
630  1220
139  1161
1923  209
489  1142
1781  1392
435  1517
852  747
316  318
740  1390
309  1762
1046  1931
609  1369
578  67
1902  39
1805  698
1916  949
1426  737
577  383
1573  278
1575  118
1136  1764
1448  1073
651  1351
770  491
778  1198
471  1254
1957  1526
1242  1929
1587  99
1252  1480
389  1161
413  1555
1833  549
1968  1049
916  1390
832  834
1969  9
1486  1918
100  215
1541  318
45  1424
44  821
1407  79
1423  192
458  992
1283  5
710  1570
1479  379
1130  189
939  1291
283  1124
1383  1579
377  1894
212  537
43  260
1662  1167
403  1075
253  641
1368  1698
1154  1308
1969  1865
1881  186
1947  1174
1994  1076
910  1859
646  142
1446  1021
1677  1854
466  1592
997  474
1579  1916
930  56
1445  1908
1121  1306
1020  1930
1608  1583
1179  1537
712  194
1304  809
1211  965
765  753
1276  467
241  1311
1218  52
1906  105
1990  196
1047  1505
204  104
1613  481
185  954
1745  453
1523  461
1573  1359
942  796
1989  1560
714  1148
136  1191
494  1507
1954  1222
1271  1076
1032  1575
844  1113
652  1974
554  1688
693  678
63  1050
1263  922
1890  1529
1228  1411
439  1519
1234  934
788  997
610  1006
773  473
184  698
997  159
1471  172
1318  1675
1648  909
36  1581
906  1330
1816  1895
795  1085
300  1326
519  784
1407  1814
981  1406
743  1576
404  215
813  675
1620  586
1890  627
1362  1020
1151  146
773  1669
435  1076
481  1488
1758  1722
1653  538
106  1025
1823  1929
434  823
1807  1183
322  518
1820  90
816  589
1432  1348
1580  1491
1362  63
1298  1086
788  1016
1976  1874
781  484
820  253
1898  426
1132  1176
1573  1535
1432  747
626  1379
1603  848
1103  809
829  726
628  27
1223  1525
659  122
1019  583
1301  216
1393  498
104  742
1505  228
614  195
1324  852
1117  311
741  1559
1752  66
667  12
1424  1878
126  1864
1717  1559
1231  1034
1947  234
16  1467
801  636
1663  774
1767  353
1983  206
1185  419
987  594
161  1733
1241  1598
328  769
1381  1052
1340  50
1836  1802
1857  643
1953  1808
15  1247
326  43
705  1401
926  1612
180  1860
977  1049
1727  1060
1343  1529
879  732
1032  1389
115  1421
1957  1830
1245  1422
1834  1737
1312  981
1812  964
1421  1419
1515  1041
1654  181
266  425
477  444
1997  357
556  1161
116  1940
1967  1252
1137  1187
494  1710
915  951
1132  710
223  1613
405  1538
805  33
1679  1897
1000  1530
780  853
1466  457
1223  206
1411  257
1618  1305
1005  808
429  139
204  1138
1847  1106
1011  1665
1825  1792
1376  511
1216  1466
807  101
689  210
1390  1415
428  1583
108  885
1430  1858
1198  980
1970  1135
997  225
866  1327
1300  1969
1979  528
1114  1659
448  1383
490  668
398  236
1296  1729
1406  1208
731  1840
530  1197
1543  1482
1277  723
11  1821
482  1455
1912  1427
1450  371
184  1383
1935  518
497  132
1358  1624
1229  578
994  1948
1632  991
1498  1389
667  1046
51  255
927  1924
1461  412
1158  17
983  1358
256  25
1243  1581
1616  1808
1839  1222
1230  1707
209  1943
1582  1965
1595  1220
1840  1702
1572  136
1634  751
793  1954
1710  453
1673  1760
824  654
84  235
1433  970
980  1010
1996  1278
1023  1921
1579  92
1477  605
1733  302
118  1597
825  954
1052  123
1666  547
1474  1851
832  1682
1355  608
780  160
1597  1021
1363  1673
129  1685
1363  876
1318  1745
1160  1477
81  977
0  884
302  1544
914  417
730  410
1964  1857
1955  262
945  376
1686  763
519  726
1131  974
160  1402
1013  991
1852  275
45  1426
1150  1534
1364  1582
659  977
464  93
162  1714
1978  1160
142  1430
672  228
229  458
550  1116
779  1288
794  1448
1843  846
557  38
1926  1974
227  713
929  1162
1603  1076
101  1082
871  1583
668  460
332  114
983  1485
97  1795
322  635
1826  1459
446  252
848  327
1435  253
1561  281
892  1458
716  175
1159  1471
1376  492
590  1455
1547  313
1697  1590
1719  1143
1033  1927
699  551
1010  1192
1159  110
1706  1670
1523  822
925  121
1672  373
411  1117
1001  1553
1126  509
1954  961
920  1217
262  1884
1123  1887
1267  718
230  216
449  1234
230  573
1674  1311
798  1001
1296  1299
570  1098
1765  1853
1855  352
1675  1213
567  1061
525  224
783  56
317  857
618  138
129  51
1181  544
1738  126
713  519
1851  579
998  1911
918  56
685  86
215  1689
1898  785
1104  883
999  1707
600  931
877  1396
955  1793
1642  735
83  1946
1449  643
707  885
701  858
1492  977
1506  152
1053  1714
1251  1804
907  1973
1365  1126
1553  856
309  1686
774  1592
576  1497
1686  1567
683  1223
523  356
1138  775
405  1040
1890  571
567  153
1292  358
927  1651
360  1836
1813  734
173  1786
446  1974
190  1528
1997  773
1513  1870
376  1345
1239  999
937  42
118  1387
1381  1574
1797  940
673  169
399  1251
1584  1057
1809  196
1173  689
566  225
1954  833
1083  1630
469  1673
357  1491
1633  342
399  751
1012  668
1181  1695
1595  63
625  853
1311  1155
127  1022
1586  1543
856  839
125  832
750  1923
1575  1120
1395  52
1889  1183
159  553
474  239
1024  202
1274  838
629  1014
304  1303
1052  1203
523  135
89  1258
1143  755
1949  483
264  992
1618  1652
591  604
180  1980
814  1555
1349  1079
150  1117
1660  1335
1399  982
832  397
1013  114
1787  71
1757  1191
1067  342
1442  34
27  165
752  262
1095  1258
1320  660
428  1562
1551  282
445  696
893  823
1032  912
1839  1267
1288  207
173  1981
1578  340
472  396
517  865
536  1303
1888  1756
671  607
1645  426
707  1306
1052  393
28  462
1979  1450
438  438
708  1791
641  1790
1555  1586
634  1889
127  1780
1739  1548
1685  1902
1433  1597
1826  325
1075  1639
1181  1604
212  1628
1363  665
576  1850
1551  532
1359  1416
181  311
1791  256
1057  690
69  1101
1653  515
242  62
1276  335
1573  368
508  1512
652  414
1716  765
1420  196
1779  1520
413  1612
867  1572
129  563
1267  1272
450  1882
1271  802
645  1586
1045  1865
400  1493
128  1892
1909  1059
1809  1265
1336  188
685  251
1866  1153
1715  1731
908  1051
814  155
994  1935
1407  824
1468  576
1997  1183
1651  114
601  614
240  833
640  732
262  676
1232  405
1140  1016
66  117
162  1414
486  1022
68  1602
345  430
1889  708
1680  1886
447  1276
1941  682
345  1724
852  1277
1957  1660
1903  619
45  1529
1415  747
1932  434
808  798
869  845
1472  1886
724  993
166  761
603  1257
1544  1910
206  853
829  192
822  298
531  1170
1174  1267
1126  31
623  115
1071  619
808  1993
1116  218
1584  1866
720  339
1520  248
1974  1612
746  879
905  1391
1627  454
1362  645
1578  962
468  1287
1266  1903
1088  1670
735  1267
620  1635
1577  532
1354  1927
1800  49
445  1721
789  1123
440  1224
1766  1742
222  90
162  1929
1775  1637
1703  532
1393  1640
1172  637
1603  364
1462  739
519  1642
724  877
1823  1162
1669  1192
559  779
1564  319
657  1052
1517  118
1924  1424
31  558
1478  1550
1690  436
153  930
1748  1475
787  1180
1230  492
78  1689
619  1602
1872  22
339  1093
814  1897
1368  1463
1837  810
231  1373
1938  1649
137  518
1322  1811
1759  1769
1576  804
1395  1513
1457  906
1291  117
281  891
1487  1793
751  861
118  847
15  119
1522  688
639  1732
125  840
16  375
1041  648
28  128
731  1758
1519  1192
1727  1838
689  41
1460  448
1895  273
1556  1296
1883  930
770  408
1066  646
72  1563
521  250
1909  187
113  1623
1791  1604
1921  620
1156  1912
481  748
70  541
604  63
102  116
332  1089
1455  1025
1064  198
39  949
1041  1682
913  871
641  818
1991  974
787  583
831  1776
731  797
159  121
1205  1097
744  1426
413  1358
788  1859
1629  873
773  1829
1005  654
650  1905
1527  1917
1457  1825
512  643
689  1285
1761  1113
755  854
286  160
696  1380
1139  662
1686  1617
44  1805
1876  1603
1134  764
1729  1925
699  1067
1687  1119
1516  201
635  217
126  1073
1741  1028
830  178
1668  1097
181  1407
1665  1531
387  585
1612  605
1660  1547
1148  86
667  1666
1713  1230
1975  1908
1746  1868
979  138
1770  935
1409  1526
1503  1968
814  1953
1433  33
1140  1537
1198  1919
1155  1607
1385  441
1920  1221
426  1995
464  1235
695  1025
1009  1430
442  60
1621  214
720  913
564  874
585  1627
617  975
1867  264
1934  785
352  584
867  1600
4  332
232  724
440  880
1189  1376
1280  1144
683  796
1339  1949
1559  1516
103  1726
388  1910
1313  1502
686  983
132  1479
67  1751
835  579
449  1477
971  993
711  1592
195  441
1879  567
499  787
1852  1148
743  891
1387  1869
636  851
1449  149
1853  479
1740  394
1539  1888
1236  715
375  1178
1467  1472
1597  1652
1583  1883
1990  1188
1547  734
1786  64
210  750
64  1897
1750  315
1748  1534
972  568
451  991
105  506
666  471
1026  460
129  1396
1380  1631
1953  1929
526  889
1664  1209
1721  582
1336  1611
1728  1250
617  569
613  1749
463  1451
1968  405
1765  48
477  1693
874  40
1988  1450
756  346
404  541
1846  1773
684  1306
1644  1059
1372  896
321  1070
1446  1728
1775  1870
904  1882
617  479
1273  182
1063  39
993  1906
252  911
1482  1061
731  243
51  1901
1311  1352
85  1953
605  204
75  1532
402  24
1950  1250
1121  648
656  820
254  168
1769  518
1895  1825
963  1182
1743  794
1668  130
230  1668
703  1262
436  485
771  1794
441  663
1659  488
1708  1981
1530  633
1699  235
1374  1170
252  1106
1349  660
1967  1250
1734  616
451  1081
553  1016
170  167
498  1979
788  655
997  1523
1431  1114
1744  665
1836  1971
1153  1305
107  1833
940  1040
97  1495
1208  1919
1256  1559
685  61
382  1067
187  753
266  1110
550  325
1184  1850
1077  128
1860  1727
382  1965
143  1522
171  1322
1848  398
1062  1109
1635  1657
209  1128
309  1800
858  341
495  256
815  911
1988  582
1621  32
1272  923
235  982
843  660
1035  714
155  204
891  169
1616  828
733  1394
347  1993
1816  1977
1537  1606
1476  1891
1943  482
1236  1038
315  1850
344  1015
589  1006
1106  1012
1954  88
1232  326
1349  305
1873  875
1006  992
292  1763
954  1687
1563  1417
1432  900
393  1583
1016  1381
766  1625
1938  538
497  395
754  1371
708  1051
1984  1160
553  221
1204  1685
1001  1389
1682  196
71  780
556  357
118  868
273  1841
1315  1272
909  434
246  1914
895  1953
167  1666
70  1333
18  356
273  1732
438  82
884  33
1287  186
1432  210
670  1302
1208  145
317  1257
441  1730
1125  855
512  511
1420  566
1734  996
471  1797
446  352
217  1437
1198  1103
715  765
830  1902
615  1270
1819  570
149  1732
987  1961
1162  1217
426  621
1965  1182
1393  35
1760  1179
1837  1577
599  836
1871  646
1888  5
1051  1142
324  1340
1794  1440
1567  551
584  487
101  1231
294  559
1173  23
355  1170
580  1858
1242  568
1879  1475
201  481
87  20
978  883
644  506
1826  899
1805  84
21  1483
1313  883
777  531
1588  904
1129  1788
1151  866
1090  474
282  41
927  838
1197  23
762  336
1492  222
1  787
1304  840
326  364
185  811
198  1251
1102  533
1905  408
146  1272
152  1755
660  456
481  1252
373  1287
532  988
258  1390
1608  1080
127  761
1552  1746
290  796
1581  1670
1014  1522
1804  1258
426  153
1543  1449
407  828
1667  1822
1319  234
132  1687
1706  640
558  1529
812  608
831  1964
758  1148
1059  35
163  468
819  1105
365  570
1098  992
515  718
920  1319
1558  68
1371  931
1393  1355
255  321
816  1113
1909  1949
1845  1668
1021  1700
92  1791
1089  1219
191  333
1067  1575
612  342
1285  399
1223  432
1581  1821
1780  987
1523  1716
955  225
1021  795
1621  1505
1747  1473
647  1971
1573  1457
1554  509
1065  88
1857  1713
1764  466
1858  190
1039  1277
935  800
248  1108
915  1836
197  538
32  1994
321  1532
921  11
1808  699
1988  108
1926  493
533  1545
1260  738
776  927
493  1746
372  19
855  631
627  760
849  1421
1730  380
573  217
841  22
830  1153
279  639
1531  621
834  1053
1123  1281
489  1482
851  1436
1303  820
1473  1984
76  1096
1601  1204
714  856
508  776
396  1710
1644  0
984  1634
500  431
1899  585
1314  893
1867  1976
1258  1314
850  2000
608  1360
334  470
1180  1359
835  599
1529  1775
1669  1442
729  1300
558  1485
27  72
1474  259
952  977
1644  1265
254  952
1712  838
1994  905
1914  1936
1176  1422
339  1034
1854  360
835  1905
406  850
1822  923
162  1967
1573  1080
740  527
1803  1240
405  214
943  12
1762  1966
1283  710
268  1707
1488  1220
1060  240
1347  312
342  756
1586  1858
1188  1565
744  1491
453  284
364  1024
1416  1631
781  1417
249  965
1649  402
1183  1100
564  645
1051  1207
665  739
985  114
768  1329
29  1458
1123  1533
1719  722
1727  1963
985  1573
470  1072
740  1910
872  471
439  1836
1858  583
1535  335
273  913
670  675
1379  572
1463  1024
460  1600
92  958
305  1598
234  1790
1999  966
1729  471
1209  213
689  1775
733  513
1218  388
663  914
1123  1250
1510  22
483  511
482  1990
408  76
588  1520
1743  953
780  9
1955  1750
976  245
988  262
87  294
1070  1037
1207  659
975  622
763  117
1753  326
1348  775
444  220
3  1431
1381  111
1478  1598
1745  257
427  56
581  634
583  334
575  1455
1000  928
1342  1949
1208  525
1600  581
1197  1840
1337  751
235  1217
1825  476
1184  806
1815  489
1933  532
1990  1648
810  1393
1793  1254
104  414
403  1389
1513  149
1060  1766
1846  1729
474  379
1327  1921
225  954
1644  572
1724  400
430  1061
1482  1500
757  283
1819  757
1249  1657
861  1461
25  1340
769  1435
1636  1494
888  1462
1693  1269
1637  1049
1690  1833
1517  411
1503  741
1037  961
1695  1696
534  1486
453  451
95  772
315  215
1088  1254
1190  1252
1444  1652
239  1757
1810  1266
339  780
1923  923
964  409
427  1708
1816  283
642  1212
1612  1415
1376  672
335  1598
1659  799
595  648
1405  578
1697  1650
385  442
1094  1361
1163  742
1455  757
1352  513
1464  894
482  498
797  962
815  546
1526  123
530  35
1978  490
115  676
861  27
186  136
840  1952
587  1133
738  118
173  404
594  1326
1224  124
487  259
313  1782
153  1823
1286  902
1900  1809
1123  1118
307  1098
71  1232
1649  669
394  1460
313  1655
809  1892
643  751
329  1909
495  46
263  1092
1419  1777
1125  217
1780  670
580  1917
473  1732
991  392
678  1133
1901  126
772  1442
1845  1993
1383  361
134  1363
1436  1607
1384  1889
169  1550
482  926
1556  1637
1276  1575
458  1574
63  1805
1921  1368
373  239
1685  1612
1226  989
1098  1848
280  1622
111  803
985  847
10  1726
672  1232
581  1652
1799  1317
119  196
890  151
145  327
1267  1120
438  672
1715  416
905  549
1132  1514
1036  997
319  1011
1062  876
837  771
1774  1678
1363  1688
332  1372
574  1581
1348  481
1240  1423
710  896
1363  226
645  638
1451  205
807  220
1256  1819
588  1535
559  601
478  29
1681  746
1824  1097
1753  495
97  1543
326  1362
754  203
537  674
1732  1460
1074  826
848  1303
1460  178
1200  180
711  155
1574  1435
1584  920
1455  471
1487  1629
820  1008
520  490
1826  412
592  679
1829  954
1738  573
1944  1638
733  815
632  595
1730  938
796  1475
59  94
1141  748
1145  1390
766  1098
470  979
540  1191
548  1747
1931  356
1856  1742
747  1733
848  704
1333  383
920  1265
1651  1488
1113  640
1441  547
335  1726
849  122
1589  169
1742  810
1500  1472
937  1124
832  757
683  139
903  929
291  1827
1066  706
1506  416
1174  1283
369  684
18  332
1498  860
1369  153
1945  439
1992  483
817  406
1453  1634
554  490
1413  889
434  324
1381  1701
589  1762
1722  386
1090  1676
1338  323
1078  1514
1355  1986
479  262
1129  1313
937  576
1604  807
952  928
756  517
1921  728
1345  824
914  1075
1800  1240
1323  1256
93  1912
1054  865
1945  980
204  335
148  519
1861  1106
1666  896
1147  391
438  509
518  382
450  1557
1494  1322
449  315
1573  126
817  304
1847  1750
561  481
1937  98
567  1624
1895  1947
1253  922
9  314
1674  11
836  884
1184  1726
1822  1241
346  923
372  1553
737  1056
263  481
1103  316
1108  716
1789  1433
840  1173
1079  316
1704  1347
205  575
307  1860
647  1747
892  898
1351  1183
667  134
1509  847
1178  1089
1434  674
466  1462
1920  1175
950  1992
46  806
807  1645
1084  233
1475  1376
464  495
1652  1486
165  286
394  1595
1942  1523
1386  663
1087  1345
548  171
1541  367
1122  1793
1214  628
1028  346
613  983
499  608
1081  1703
15  1462
574  1431
628  975
1671  1628
1526  1581
1592  714
1902  1814
683  1427
1998  1348
812  1719
1347  1700
476  901
415  222
28  1460
203  1534
254  419
1961  493
823  1261
13  1242
178  290
810  600
663  877
456  983
1939  1644
838  1744
1746  1155
717  1179
1097  258
390  1715
713  875
210  1030
782  503
539  181
499  720
1698  640
1478  481
166  1654
459  234
1729  883
1891  685
475  607
509  1036
1051  685
1035  1384
1748  1285
611  1329
278  1304
46  866
1490  1065
1849  918
507  322
1058  630
1732  1366
1126  859
773  1465
694  1246
603  1271
486  71
1198  1756
115  970
15  1255
835  853
1635  1576
797  1212
488  1821
525  153
272  744
570  1789
1690  411
1327  746
1538  1738
1532  1686
1058  1473
1952  193
1447  1947
1669  102
1476  1992
985  1389
63  602
1159  1529
1562  693
1600  1272
425  424
1860  1209
658  863
155  355
1242  1307
1842  1290
677  1969
1972  1773
75  1399
1626  1983
1282  1499
1278  5
642  1517
1465  421
1855  847
412  1975
1785  999
806  780
140  198
346  908
448  528
395  992
493  1055
1779  1532
1184  1616
1278  1522
1331  1626
130  1083
1471  1240
321  367
310  1014
1400  40
1968  1199
314  65
695  749
521  463
805  1096
601  1644
18  1813
1055  1921
1172  1671
1265  1625
526  1346
569  1525
268  854
185  60
591  1954
308  1725
1507  288
1927  82
1810  1776
1346  658
1601  1841
949  1115
166  1992
520  1151
1109  741
1497  258
438  1176
1357  1437
1310  1396
615  1482
986  1211
109  1520
327  1295
691  302
877  259
226  564
1920  430
359  1306
828  722
1020  932
1310  1015
910  310
1997  566
241  297
1956  1370
67  476
750  668
1796  500
1085  229
1791  528
1373  1418
956  1948
1645  1298
1979  1180
4  496
21  1372
1999  1011
305  556
1549  1372
1197  1707
112  367
1461  249
54  54
63  985
396  1175
98  26
160  678
31  612
1906  828
1714  621
812  1387
1686  690
702  1183
434  1135
261  1448
1533  665
1882  1259
322  1009
443  1270
1370  1948
1629  1098
700  1870
422  475
757  1940
645  1604
448  122
886  141
1985  954
935  1879
1947  1076
647  329
1004  411
640  1125
856  1468
1832  1962
1528  1992
10  1308
1104  415
112  231
1638  723
580  1154
496  43
1914  1964
1540  583
70  787
1099  1597
760  1829
1577  433
1008  1706
1986  1387
1218  1009
1968  858
900  1446
615  896
1380  866
166  666
1286  1591
1575  1388
580  669
1216  1642
1069  1387
1884  807
506  462
759  1855
570  74
807  1168
1259  1875
1733  1884
1155  626
1560  1287
966  1101
614  1430
1334  1636
1377  1065
1587  1713
355  1214
475  307
1214  1570
1424  1154
619  1840
138  1852
1145  1850
1418  1705
1964  1962
1217  1671
118  424
1034  1820
1999  1928
1717  581
1937  3
1002  1030
1433  1075
641  1363
528  1003
266  771
1317  739
426  787
434  1554
1226  1556
798  154
584  1925
315  1820
1711  1424
292  540
1857  1146
720  217
1463  592
1267  858
1300  257
1871  1393
1205  1002
1245  262
6  809
393  1906
683  367
544  642
616  1360
274  924
920  446
100  1559
362  832
665  1242
1438  129
191  977
1840  36
1257  1001
291  1031
421  653
1476  1546
879  608
422  224
1340  367
454  493
536  898
1045  1265
627  1469
604  667
1125  546
1611  1462
1442  1857
1750  262
471  350
973  45
889  1760
176  591
1794  1714
991  999
1501  1559
289  1967
434  513
1630  38
442  579
1692  1018
549  1282
8  379
1890  567
43  1927
560  344
1103  1428
1131  1562
129  1059
1822  357
1853  482
1351  1974
1656  1636
1577  801
1970  1569
247  909
877  1513
1439  239
1195  1478
1571  418
274  667
210  1313
10  1608
213  1952
186  966
1278  1295
1843  843
1984  1188
1306  623
959  813
470  1666
1815  565
1713  949
678  22
1922  575
322  1418
1376  1492
1836  1087
959  410
1771  1591
714  1987
356  1051
1594  737
313  273
818  466
1036  1842
73  1234
1135  272
931  570
785  1862
32  1666
481  1050
203  1485
1068  1959
1276  1081
1145  662
472  968
746  986
1311  1889
290  358
1007  506
488  105
969  1952
446  1557
1208  1938
1043  1487
1938  455
272  841
244  726
1434  276
475  916
1856  1105
516  1246
720  322
158  1293
1330  832
686  107
122  1787
687  548
561  1572
1906  1187
456  297
681  1536
1041  694
901  3
1757  479
784  1939
51  351
466  208
967  1591
1539  234
865  541
911  857
1568  14
568  1947
1305  1208
183  1608
886  79
812  991
1853  951
732  175
552  299
809  1229
211  561
218  782
601  1246
1504  1011
1180  355
934  589
45  529
654  301
107  891
1316  1316
959  1238
1811  999
902  1332
1524  1073
1258  1781
1744  409
255  1242
1641  1930
628  1271
556  155
888  114
194  113
1992  1291
1793  1574
1617  371
1945  180
751  1337
1369  265
663  493
1889  561
145  678
595  1905
1293  1694
1611  588
361  817
855  1028
1724  1071
502  244
1549  831
1155  1428
1852  542
93  939
590  228
945  953
189  598
1697  366
1396  759
481  1430
495  1201
330  327
1414  1887
541  1999
813  28
666  70
506  416
176  502
507  127
573  1786
1943  1588
1582  1836
834  1480
1374  1579
454  910
30  132
1412  1661
71  1063
105  182
245  1953
1798  1752
447  847
1797  1494
440  1681
681  664
12  1283
1072  1686
998  943
734  1383
984  1280
480  1874
1206  1442
829  1702
56  1623
375  1151
1225  113
240  1708
1870  1357
1374  1164
1833  221
671  280
644  432
779  1820
1355  1181
1787  1667
812  1004
205  1784
214  111
1224  299
304  881
355  132
1342  1188
1341  95
1266  1665
979  369
593  472
1204  1198
565  26
743  390
1514  133
886  1258
302  1758
1781  357
330  168
1715  376
1665  1337
1976  1907
604  1117
1362  1810
1622  13
418  1211
1782  1181
1526  95
1860  1470
1369  1780
1823  498
1649  1327
1276  895
1104  287
690  24
1602  1961
1531  340
403  1872
1588  118
248  1583
1340  596
1922  1552
224  399
1123  62
1644  889
3  1245
1201  1177
1761  164
212  446
221  1588
898  1576
1196  1067
293  1335
1968  1284
372  363
1314  1040
1231  404
1868  1520
1750  677
1015  223
2000  204
668  256
489  1620
1812  1157
126  405
1618  1535
1284  1916
78  1058
1472  1329
1865  406
135  1520
22  1465
358  250
7  270
1609  1839
733  1057
1341  742
359  182
1846  449
1460  555
429  46
469  122
1887  56
683  159
986  1949
262  701
696  528
131  185
657  352
1065  755
847  681
1017  972
112  1459
766  1018
276  1565
1729  893
1705  1288
881  700
685  581
57  910
1471  1854
942  131
1556  609
1693  1441
1804  1046
331  651
1697  1948
1145  502
806  724
479  1085
383  836
937  1741
1496  681
49  546
649  348
779  661
1524  941
139  1122
1759  18
1028  920
1608  753
1559  423
392  1041
576  1251
552  1121
1725  1065
860  1061
141  322
188  599
1002  564
1975  345
1667  509
11  1273
1838  1020
179  1100
1381  1161
51  704
86  1262
1670  937
96  270
1834  1591
1062  921
1427  1568
897  31
1544  925
1276  582
1214  1944
287  1989
25  1239
1113  961
555  1574
1649  1518
22  1087
1539  1410
1173  1694
168  474
1765  156
1167  275
124  0
15  961
567  348
112  239
1855  1126
470  1972
1058  1755
1316  991
1221  723
1847  1951
1015  137
1389  435
1737  515
1726  657
488  1970
908  1216
1529  50
71  1105
1904  1235
934  590
358  1764
1505  1099
1953  1172
1083  1221
1430  857
135  1778
1292  1518
53  571
693  338
628  1975
668  493
473  1925
1149  868
148  1221
225  947
1045  1300
485  1049
53  614
1368  1502
347  1588
671  1536
1750  1340
759  468
1999  1175
297  1588
688  1386
1277  1021
1357  83
214  85
603  1104
17  1436
1490  314
1598  423
1906  850
1401  1659
6  334
1946  1020
413  430
1086  1959
1574  1544
10  132
1193  1367
300  1160
1546  213
1405  1863
1065  178
1296  431
141  1906
829  419
186  1299
451  1282
1415  1247
517  547
490  438
852  1383
1571  27
1697  1662
1000  778
78  943
303  460
1230  935
1988  1519
689  725
174  1656
865  1579
570  1308
841  945
308  1096
562  626
413  366
1701  1966
85  1455
115  473
63  53
1850  274
749  1110
1177  941
1557  384
11  746
212  1367
1916  1211
1685  804
839  824
569  1039
1210  1131
248  1811
173  964
1604  1220
1518  30
1074  1426
1663  1139
400  1009
123  414
1198  1208
200  1252
187  525
673  1730
1787  185
835  808
1980  7
56  1722
748  442
1792  742
1693  1552
701  1418
1990  1717
697  1431
7  294
206  1420
133  1655
919  481
1664  1186
164  1086
868  1019
1017  1946
1043  667
1428  1769
1251  1957
580  1205
1789  914
1944  148
82  882
754  660
1933  1201
1144  602
126  456
1404  935
1378  1282
1253  55
1060  661
574  1280
88  644
1194  1740
1066  1660
749  1330
1694  335
1095  1932
263  1150
445  1445
1366  831
344  319
89  237
1322  1779
409  1184
1078  1245
1092  1662
1350  140
523  676
1906  119
117  201
1924  473
1038  719
1815  637
973  1638
168  687
224  1433
1755  1869
434  661
624  1609
863  1474
1909  1723
811  263
115  1622
132  554
1886  779
1658  434
905  1735
347  1894
436  1157
1971  27
1424  1777
434  432
1811  1202
1967  1110
1241  459
469  813
1778  395
920  1491
1625  520
1951  125
1503  1419
986  907
356  683
545  1714
131  1400
1094  43
564  1286
1821  1422
899  1905
177  227
1350  111
588  380
1789  1729
1181  1059
616  117
983  295
1007  411
1083  658
1210  1505
881  1170
573  1619
1112  1807
1436  815
890  322
189  1118
692  676
1278  1731
1625  1316
1524  1558
368  1427
1340  267
240  5
1135  138
1024  1277
1320  32
49  466
1308  153
1083  1084
303  140
997  1383
674  209
543  1177
1389  1518
957  287
1566  1969
611  639
1658  1218
1523  1002
823  283
1053  425
641  689
116  453
1320  1939
1136  1863
668  79
254  1901
128  1995
1585  1165
740  322
234  375
1058  831
1474  867
1790  766
794  990
1888  874
1075  590
437  349
1118  844
1268  948
1363  1261
1724  1002
1666  1320
1711  1711
1153  600
798  341
1708  837
1920  1233
787  92
1072  1206
525  1860
1346  1016
418  1977
25  1472
724  1642
1254  1118
1461  568
490  1284
342  929
296  1878
774  983
612  1967
102  266
60  333
252  289
343  1193
808  711
246  1861
703  191
392  1951
44  582
373  841
153  1593
775  649
1020  1285
478  1003
923  259
1896  1126
283  185
1720  446
117  192
251  1653
1520  1974
1127  1653
1319  604
859  876
1216  1738
1545  177
218  1658
1184  481
933  943
480  1057
1030  1583
1186  139
1047  38
488  149
265  70
1053  794
816  528
1583  70
1305  661
261  98
889  394
523  1155
554  141
1767  1643
1148  255
1326  644
195  1682
1696  1326
621  1784
1086  1636
719  87
1957  947
1177  95
230  1164
1487  1623
437  368
304  1995
953  647
955  642
1465  1373
1817  362
877  1749
897  1653
1283  600
83  1717
1350  1650
834  995
614  12
1650  686
137  1784
12  37
341  696
1556  1579
1673  680
1584  839
184  47
440  995
913  94
1730  1277
38  1057
709  468
1392  1657
1467  1592
69  656
123  268
300  669
71  1747
469  1535
542  640
1221  1412
1207  497
1782  1125
1919  1220
556  1184
1358  1686
811  1322
1411  103
227  1895
1192  1589
1074  1556
140  1666
211  717
234  804
1588  1819
1785  645
1462  414
117  814
248  1650
1506  861
182  1691
922  1232
1568  521
1546  997
1606  251
1049  580
66  517
1992  194
1762  1213
1650  453
1482  176
614  543
1171  1456
69  406
960  731
508  989
1471  1422
1013  469
223  1371
1616  1517
1267  76
665  965
587  1066
20  286
1287  1864
1219  881
1721  988
32  100
1058  858
490  1319
1178  998
1660  1193
1546  218
236  591
1222  31
123  157
224  1922
311  1885
620  1779
1427  539
21  993
646  872
324  1977
959  422
413  1837
1350  74
1166  1425
119  1871
576  1996
1986  1284
1963  1401
22  1110
1046  1248
1027  635
1773  162
11  1611
1273  1399
475  835
400  504
1989  1467
1599  267
824  1553
777  502
1899  1801
60  363
671  1955
1638  1532
1795  1570
45  906
1266  1767
1717  1978
1226  1814
81  40
594  1567
1391  281
1995  1316
839  112
1770  58
280  706
583  862
1730  1192
723  895
750  1116
1585  528
1714  1821
763  533
614  994
1731  1249
240  382
940  1177
1451  432
502  1892
798  1487
1618  570
30  279
1652  827
710  846
305  1013
303  70
154  689
1249  487
936  271
841  697
1770  1814
1833  914
268  944
204  977
438  243
1653  1341
1153  1668
1354  490
243  1518
59  785
1280  711
1227  1810
1230  979
1874  685
1469  9
371  1113
1849  10
1316  962
1504  488
874  902
1174  1557
500  820
728  200
1477  1269
70  238
198  204
901  834
994  1598
352  1819
82  731
1211  970
1538  984
1573  1550
352  852
1936  1211
1937  1136
436  1290
619  978
155  1516
1893  1579
1945  766
770  1705
1956  393
661  1665
475  291
1325  1967
215  1272
140  657
1581  1663
1167  1959
1226  476
4  177
543  420
1944  976
149  719
1241  163
1351  1686
989  1045
496  904
1959  106
1802  139
1035  621
1698  1655
480  365
86  647
1954  1770
1260  1005
39  1475
1625  1114
1213  710
770  261
630  870
348  1059
1334  1401
37  1346
1372  1430
450  222
955  412
1892  712
572  1767
1877  592
222  1176
536  1518
309  720
237  1566
1590  966
898  1646
1332  118
1610  1267
1849  1129
1748  1108
1359  1194
522  788
300  1828
1743  941
130  1174
1899  1305
246  1877
1508  461
883  1962
1119  70
223  1716
1758  1091
961  404
1130  271
447  1948
1809  1233
1508  1663
1635  316
873  1628
1655  1754
319  1134
617  1153
1921  1424
1422  242
4  1082
1330  978
438  1241
1062  1667
363  1526
807  76
607  1218
232  996
1386  191
242  1344
1629  1149
1090  249
677  463
904  206
1237  1006
755  1049
210  391
735  335
1135  1393
334  1173
1150  1742
1593  1208
1405  1930
141  578
1582  1182
804  850
736  1472
734  1421
967  1390
1118  809
968  380
1821  1350
1767  1028
600  1542
1021  1432
1358  419
1544  709
69  712
434  1057
1041  1008
1718  1915
42  1810
731  1170
1531  132
782  912
1695  470
1161  1830
1272  54
1325  1841
707  415
1450  1688
1409  341
1242  372
993  601
1893  129
1839  186
307  1711
1896  340
305  1246
1951  1571
1237  38
1496  46
1174  590
593  1513
1835  734
1063  1705
676  95
1548  243
347  1110
1367  685
1331  1172
1470  1377
230  679
1246  605
1693  1967
539  1964
735  1109
1484  1953
1425  368
1581  1413
1292  1910
1506  1967
1485  989
1784  1853
1321  1308
175  1082
777  1753
1710  445
1324  1873
1248  384
1622  309
1341  1810
219  1935
1287  1106
1349  476
1849  1207
1905  401
1938  345
569  1369
1222  1695
581  216
1301  1856
1737  528
995  1251
1987  15
1915  1159
80  1576
1384  24
1883  1096
1392  1670
1154  1140
1090  1406
1153  926
799  1950
1849  507
77  1008
563  35
44  491
1356  1088
1331  1647
579  1115
194  897
1914  1475
1567  1113
1690  1735
915  203
1825  1477
214  183
1164  58
988  641
550  217
113  998
1242  438
643  1055
998  1678
1874  884
467  334
1327  1932
1493  1355
1328  1933
498  1589
1248  94
1468  1170
1436  1398
1329  165
1214  1863
725  1650
510  594
244  1469
241  777
695  1048
728  881
641  1349
1648  344
1417  617
1048  153
339  97
1377  107
1094  1648
137  1941
917  950
553  807
1203  844
1985  977
1813  1849
91  1001
1546  799
228  1992
435  1334
550  1367
1136  1721
152  1264
1680  574
1845  873
115  1514
548  1166
138  1334
643  244
1286  1612
1201  1893
471  580
1776  1085
1400  1940
740  545
731  1195
629  10
1430  1773
1081  422
1148  941
927  1047
1088  1085
911  771
640  967
80  350
1782  1295
1521  1861
93  972
965  1398
1606  1383
1871  583
924  259
934  1482
371  1577
1667  449
1991  236
912  1888
1431  1565
327  1847
262  444
1864  1790
999  652
1229  342
1499  169
1963  1531
305  1476
27  875
569  957
1337  941
1023  1624
842  1970
1538  231
933  375
1359  534
1052  1441
655  549
220  1713
497  1231
123  1192
185  870
1282  231
834  1551
1414  949
1889  7
665  789
1205  1741
1512  1699
572  1036
1014  1198
423  466
657  1157
1494  457
1692  1584
1872  1530
1223  1954
709  1358
87  59
1051  1452
1276  243
748  1347
358  707
1944  626
952  1435
486  1447
23  1753
954  834
686  1300
1618  591
567  1187
1386  986
883  1412
907  745
732  1819
655  1281
1430  1589
1746  945
705  1712
1540  1000
304  263
522  610
618  774
420  1031
1627  1872
1228  1379
1240  1540
734  1414
311  219
1846  1674
691  248
783  383
1066  1666
1951  1802
1875  696
1243  1802
991  1016
523  1376
1575  777
301  1880
1901  398
1926  1014
919  1457
903  742
449  53
1429  1838
108  1751
878  583
162  878
1257  675
453  930
1763  677
1391  1650
180  1121
1481  969
1138  1856
1194  122
1923  704
140  141
1722  1978
1288  1995
568  361
1917  1956
1469  502
1834  1899
1097  1241
1170  465
123  467
152  691
1082  997
1518  482
335  870
1161  1150
9  1600
526  439
1808  1595
1495  1727
1904  1959
370  1615
530  12
1375  1544
509  1058
1157  1284
621  647
1101  388
1132  885
829  1514
471  1505
1580  208
30  736
1614  1052
1874  1331
1174  6
153  863
836  1570
1327  160
1992  1908
1800  164
222  383
1468  799
1610  1895
1799  1392
1100  1511
926  1890
1211  390
1483  344
582  1154
99  1036
1034  234
425  1729
597  598
506  1877
1926  584
1211  459
1372  1220
1157  1534
19  1524
1523  421
489  1718
1339  137
1757  300
39  886
493  1460
121  975
1514  582
1420  1850
664  303
768  615
1362  1935
183  931
107  1403
1070  266
954  1964
677  1919
677  1722
871  681
212  1641
989  1467
1659  122
1592  1296
1353  544
1242  1667
688  442
1527  303
854  1781
1496  950
1211  1748
1330  1797
286  1915
1243  1534
862  1039
1463  871
810  1550
1806  788
738  654
585  1315
1073  591
695  1401
1713  745
51  1870
1625  150
345  154
1349  920
727  376
1727  1768
1610  976
1076  645
586  1774
520  1935
1095  1209
1611  1805
891  1386
954  141
1110  1892
539  410
569  1028
1367  245
1645  169
1768  1905
188  929
1423  591
1995  1390
1876  1733
19  756
1198  329
428  506
1752  1020
610  1199
21  1166
283  709
1630  1921
502  769
1495  1490
1417  795
1220  1768
647  548
601  51
1934  194
927  1444
273  498
142  1493
1017  370
456  314
314  419
958  575
1328  55
447  203
1245  1008
1238  1023
957  1194
126  87
224  885
109  373
1002  469
1489  242
487  1858
836  188
90  640
1440  1650
373  702
1371  1060
28  1279
1467  91
1835  545
1456  915
1946  127
1101  804
1659  332
1554  1585
1341  1655
323  733
488  1498
1828  252
887  754
1456  1791
1933  1777
1876  400
597  1849
416  1604
1238  1319
258  1855
1016  1187
1340  430
1105  886
1462  940
887  1510
1265  1882
419  912
1091  793
433  382
1929  355
1863  280
1143  1122
1767  1072
1600  1616
1830  1772
424  0
614  1538
1203  609
62  1238
950  1447
356  145
556  566
1448  5
390  1960
676  1882
1255  67
1382  409
966  41
1340  1263
1237  1624
1686  1985
1814  1583
1846  655
1479  1240
1887  1466
874  854
683  1932
277  157
638  1362
1424  363
569  1718
967  1054
1417  132
1649  1899
663  1775
181  696
1836  145
1985  1814
533  976
1649  1888
124  1607
728  211
947  1018
507  1911
1584  661
141  353
312  127
1376  704
136  1438
738  248
1728  1817
15  1317
1528  1891
1372  81
560  689
1310  69
148  655
1733  1575
1238  592
1282  116
640  958
1140  1929
940  223
1362  1513
1774  1765
1205  602
1528  1503
1692  533
327  697
1802  1044
1814  37
460  104
162  1867
742  1004
200  1192
768  1267
899  1480
755  1875
662  1752
433  1840
1438  880
891  1583
1824  1878
1351  1393
1408  1156
1588  748
1233  464
566  1972
878  1069
1003  1706
671  1598
1201  979
1617  495
1255  1673
1782  803
954  23
45  1417
922  583
1116  887
15  1032
373  1779
1503  1772
1594  136
1619  1865
1571  1683
1036  619
1425  1085
1494  36
1849  1192
765  1169
531  668
98  905
412  1307
1677  210
1834  1081
1185  1216
1911  1196
717  1932
1911  858
936  1574
1553  926
88  724
135  311
1171  1086
275  1773
453  1217
777  668
429  1551
1149  743
315  343
1298  20
19  1870
389  882
1048  694
1561  1410
1457  1941
84  888
1743  1801
442  822
1301  202
1001  1013
202  416
1207  809
1242  1597
1071  1503
1588  1350
658  388
597  1085
555  1478
113  587
1053  928
1832  294
1780  1338
890  1941
996  676
1943  4
1462  1786
414  542
286  281
1753  267
172  1320
560  1133
566  1535
1411  326
1857  691
518  1419
1550  1393
1306  460
1999  1064
1251  67
1880  1679
605  1237
926  879
1455  520
2  569
1286  1624
1322  186
137  1330
1376  538
1162  999
1867  1669
437  1807
917  556
1780  1102
1730  1556
572  1386
360  1787
534  1420
137  663
283  467
1195  305
1640  759
1719  1981
1408  1883
737  656
653  1028
417  1658
1624  521
761  1820
361  1660
1961  1485
1206  554
648  755
62  467
621  411
730  969
1444  597
1253  94
606  1784
259  1630
942  1625
1638  1628
671  1496
1840  1412
231  162
1614  1940
292  72
925  1603
1775  210
517  1365
1608  258
511  475
3  830
654  660
447  647
336  648
364  1483
1597  1421
1233  984
759  802
932  1349
1612  1800
1783  370
572  1159
1225  183
1324  61
456  24
123  1207
816  1043
1530  1787
1610  1265
639  705
915  1909
260  1464
87  988
1600  1347
107  1861
1490  1362
1152  582
1296  984
428  442
472  1587
1260  315
86  572
254  121
1690  1455
1660  331
1105  1235
200  368
699  1528
288  312
1034  1995
1389  262
97  30
721  1570
1429  1089
1431  1200
654  684
1498  1785
1715  527
1053  1157
1788  1794
1664  674
1695  1208
646  966
1865  734
1209  1329
1138  1939
226  28
658  1101
392  1932
1463  1103
190  1026
942  503
1551  734
281  324
262  1040
299  262
590  1770
1557  1634
1831  1852
484  1728
465  323
1365  816
1823  940
1778  889
937  1434
315  1113
1880  106
1514  423
351  1060
621  730
542  1347
574  1787
1140  1236
1114  704
1209  606
1453  1176
21  677
1603  1462
962  697
1571  1592
320  1160
251  152
160  489
807  989
1074  1686
1050  1495
1007  84
1028  321
1402  1778
699  174
1919  515
1945  169
907  1019
242  1607
526  588
1500  543
430  1114
1127  586
1593  593
1887  186
1034  42
1429  1152
495  249
651  1760
625  1850
1357  190
1393  1132
113  1145
1057  1444
1968  1425
1910  1111
1060  1706
1126  1512
1737  971
554  1654
1432  914
1695  276
427  1813
2000  1999
239  554
1906  1920
233  342
203  1530
70  1101
1422  465
341  1290
1436  661
672  1146
726  1599
1405  131
1558  1386
1546  109
1603  1017
1005  164
1708  1129
1850  747
1810  1384
9  1480
388  1361
176  1114
1474  203
866  1126
1940  1786
1214  1496
448  278
1665  695
353  936
1537  636
1550  1190
870  306
729  116
270  1316
1977  1952
1294  1518
1698  527
456  1042
1101  1291
177  718
535  525
1943  460
1893  1782
1597  450
1290  729
1602  393
1958  921
47  1934
849  1869
53  1973
1267  456
692  363
1302  162
934  802
1133  1731
1145  78
230  941
415  538
1147  1653
950  1168
1390  1426
1295  126
1305  174
1687  718
1455  1016
1601  1470
1799  112
1974  1145
40  482
1734  1404
1660  775
802  336
1901  1671
553  502
104  497
1920  1540
42  893
749  641
1939  702
145  361
1109  1707
313  129
1049  538
1172  351
474  899
1576  1706
230  546
488  341
1465  1345
94  15
816  493
1326  553
1686  1216
1157  428
235  1912
104  1700
1740  1187
1311  1302
1266  1889
40  1010
1643  1801
1547  1717
1729  86
1802  266
1097  471
1272  1472
846  408
81  506
684  147
798  1714
544  261
371  1730
1527  268
342  3
197  1228
1331  645
1438  176
799  912
1786  1938
895  48
812  214
488  1020
403  1638
560  702
888  357
1681  1786
1908  1349
1563  375
24  33
1074  647
1693  1264
144  1376
944  1358
1993  841
769  723
603  792
1671  614
991  1827
200  1091
781  261
1101  613
1377  1346
1947  1996
244  1666
1094  1978
1994  465
1000  46
1275  1960
633  1426
1042  1938
934  1326
1950  1404
1389  413
1368  1643
1383  254
1726  1376
1454  1612
1318  1457
1520  511
438  522
1326  992
990  1414
62  1956
1125  884
781  860
875  1315
1135  918
791  1279
609  523
423  699
934  336
930  1549
1898  287
632  818
821  589
1377  1045
1953  1471
238  1003
1905  1698
97  733
871  1384
74  266
160  1938
1246  1467
1226  1836
624  1349
1261  1146
1210  842
1261  850
284  1042
1149  645
1262  1868
1213  886
501  554
1466  1712
132  218
340  1203
1251  263
317  627
235  850
97  1833
472  552
1283  1656
1314  1366
303  966
90  1231
1622  1185
1642  1618
1651  415
96  1171
1060  1259
1581  1909
1859  1878
798  178
1037  288
731  872
1162  1843
1054  1945
1630  33
880  853
947  1019
1927  1921
1758  1524
1784  966
539  1686
506  16
51  847
262  1511
679  1119
983  846
1068  780
1596  1444
849  390
783  508
1761  422
1876  354
1428  153
619  1472
1819  1724
1758  1431
1174  885
494  600
1779  599
701  106
920  69
1973  1472
253  1004
1988  1459
1438  603
1351  860
1061  997
565  339
1610  560
444  1625
886  1290
157  1028
452  1388
564  7
1506  1231
1786  1552
1681  328
1381  881
1438  1932
1758  1943
170  469
1619  476
1053  1828
1828  1492
563  1379
1057  27
758  1429
253  1566
1760  1585
1914  1497
131  256
564  333
887  602
1415  1213
1373  1926
162  669
481  180
1900  1497
1965  922
255  532
1823  573
723  217
1276  1384
318  1139
1484  1553
1101  1518
1420  1054
1912  1340
1776  274
1910  982
58  1337
1426  1319
1720  667
1639  470
1099  724
82  140
592  1624
1963  836
1524  1055
169  1439
1684  37
1954  698
1424  228
822  1979
267  1625
1107  1735
133  263
1289  1483
302  89
1675  1076
647  1924
579  641
573  380
1198  207
596  261
826  1265
584  1984
533  1642
1552  778
170  47
1652  1449
1755  208
868  1612
1019  883
475  1973
1101  794
1690  790
474  1827
976  401
245  1610
148  1843
654  866
109  483
660  847
766  573
184  105
1866  1042
1685  265
403  1371
729  586
144  425
12  239
224  1082
1498  1614
428  131
1904  449
616  762
510  1965
565  293
1239  1421
1736  1604
913  1667
1846  489
1082  899
1486  1455
723  1338
1964  232
1970  1747
1159  374
321  765
34  340
451  785
1757  1641
628  900
823  617
380  626
1286  645
1363  664
391  1889
1264  929
894  1121
1579  761
442  409
1711  1390
1138  686
1  558
96  1476
149  839
244  579
154  696
1779  140
1499  236
1956  1003
1417  1713
1860  88
1042  1191
1816  945
1682  890
1789  1350
1301  1438
1702  633
1923  1613
611  395
750  192
1989  843
945  1061
211  53
1883  888
198  600
1948  792
1368  1424
1239  259
1904  1066
258  1032
1865  1740
1944  1077
1333  118
732  584
1199  1424
1440  541
958  1251
1440  314
925  669
776  1689
1995  806
1091  1658
465  984
110  52
1041  528
1535  1031
1298  1461
451  724
1481  934
1692  1624
1375  1049
679  777
987  322
325  773
568  1529
983  225
1717  103
1966  1795
1328  838
919  659
1269  887
1080  1338
1603  1617
1168  616
797  71
1490  1635
1572  370
1953  1402
248  1914
1884  479
498  1557
1830  1307
371  1463
362  174
1815  1161
1135  410
493  1514
1727  815
1814  812
1249  1667
1253  1300
346  1338
405  671
1488  618
172  38
712  735
1249  1
83  186
1535  424
779  1101
808  1004
674  1362
1292  452
1760  1420
1110  296
1974  545
1606  325
628  164
753  1913
125  181
69  1558
1572  380
882  1477
1180  1472
520  1487
1168  787
702  1489
1067  644
940  986
890  735
1290  892
1685  1007
1830  1523
1358  1040
1118  642
888  1271
1449  1652
1596  364
1705  325
973  1785
1992  172
424  682
526  1198
977  84
1681  1388
992  1171
140  682
458  1171
1645  1707
1474  1418
269  1483
1266  827
1987  1732
1443  1430
1834  545
1371  637
319  1440
1363  1464
1375  1839
534  385
1072  1830
1510  148
191  889
163  1543
922  456
1431  890
124  1233
998  1065
1429  269
514  430
868  1641
1129  545
1274  7
1822  547
1737  1505
568  1543
1211  1680
816  833
882  1818
714  698
448  1133
269  967
548  887
1617  343
604  102
1449  1697
420  1708
64  818
992  533
638  1673
948  1489
779  1361
1846  335
35  1732
1406  1865
1994  851
1504  1429
905  1408
1525  315
1339  570
1351  568
613  604
78  1900
1003  1643
1530  1320
1929  632
566  295
631  46
1655  585
866  1361
1671  779
1690  830
423  955
375  215
168  1684
1084  1806
1595  1155
379  97
1741  815
449  1007
602  792
803  670
1341  575
691  1473
1025  1522
333  839
1055  792
1318  1357
1816  1762
1566  194
1022  1143
471  361
141  1756
1920  1889
709  1187
1077  687
1116  1427
728  1475
1106  1526
1397  129
973  1069
28  1951
1621  1360
614  163
207  1702
998  1518
1963  1914
1117  356
248  498
773  617
1391  737
1886  1227
1156  1619
767  787
545  1466
1787  1057
113  1142
473  1884
1592  1476
1506  472
43  1854
1558  1392
831  22
932  1529
1908  792
1553  433
831  220
1489  1572
1761  1269
1959  477
553  491
1619  394
203  1392
1457  965
1628  1645
148  571
25  584
34  139
667  43
1843  1000
80  941
1819  625
1017  1216
476  1226
18  1235
1900  329
1903  1527
1065  1377
742  510
608  120
1206  208
902  100
1984  778
308  348
1559  212
1349  1550
1864  1428
701  425
1718  1043
1676  1221
1302  1792
1227  176
26  1129
1027  908
833  1905
1482  1390
1374  581
1619  1609
966  1844
1901  518
1226  988
1378  1631
618  653
499  1153
399  886
607  459
1050  89
815  931
161  614
1682  1891
5  1492
208  1270
492  652
1461  1196
1326  927
1546  1949
1787  1767
840  1921
1530  1080
1928  1196
1343  716
556  1878
589  1847
554  1074
1475  1280
1756  656
95  1857
325  1187
324  1504
720  916
1073  1413
958  243
1995  388
1965  1306
1661  223
596  84
1460  1463
279  1211
644  1892
1021  627
470  526
307  608
1692  157
773  1409
1869  285
91  1375
868  703
1563  1664
157  1181
671  641
1204  606
1041  299
864  1298
1112  1236
1179  1054
1006  702
336  354
1189  310
1854  774
1818  1503
1692  36
1200  1250
34  1644
389  891
1869  25
1473  1667
44  422
572  1785
1576  1741
1524  66
856  1190
92  355
950  291
1953  649
1932  1476
546  1783
1720  352
32  90
964  1809
1950  1357
944  1792
1781  1403
1040  1723
1867  1574
981  1676
1349  1816
1484  558
856  985
1631  1135
1744  68
1061  99
1463  5
1231  1556
1334  646
1960  943
826  1792
1758  1178
1984  1902
74  1761
662  766
1214  1876
525  1260
251  1574
1722  1348
771  252
268  979
1626  1119
619  1757
536  1768
1250  1352
167  895
1852  1829
1574  616
613  573
1779  396
1095  1657
527  601
815  1643
1591  682
1856  489
1299  1949
343  1525
1210  1419
421  843
183  488
1359  22
1753  114
422  1919
1611  973
692  1236
364  918
1061  1443
1659  549
1231  164
1707  1606
264  755
1512  1338
29  1328
563  238
1562  732
1876  1844
640  418
1878  886
1881  362
1994  557
1037  1085
99  1239
565  786
242  767
278  1678
513  1117
1101  210
20  331
721  909
23  1254
294  221
1991  1177
1703  1300
1060  657
312  437
1228  476
72  538
1188  382
691  1547
467  793
158  1234
323  1649
1742  185
921  1314
1291  294
1967  807
1900  23
854  968
1619  1290
742  1583
1368  1627
606  930
1795  1541
1099  1803
672  168
1294  137
267  1186
1779  901
33  321
1592  1864
1042  517
947  1000
223  363
247  1567
1523  691
332  459
1695  577
1696  1320
633  262
659  1530
1770  541
65  1753
1888  253
1939  332
1250  1060
1787  1396
1469  1953
805  1548
1603  1472
143  418
1048  89
1202  1461
586  1429
674  1995
337  600
836  1643
1629  244
1052  1965
1192  179
634  1700
949  1392
1808  714
58  423
888  256
1939  1740
1778  1534
887  1497
931  1307
449  1781
1852  223
1394  1712
1967  604
1476  1173
1770  1437
1789  1430
474  81
1871  884
1076  1811
1396  792
1083  949
556  285
921  1160
1250  408
305  560
504  766
1604  236
329  241
1117  139
946  1619
872  406
1142  1172
10  942
802  386
1745  167
1295  1820
1223  1071
1378  1211
1384  1023
1201  387
221  1724
309  873
1535  1317
1229  1978
1307  302
304  359
1612  434
1202  1730
1762  922
1998  1642
403  1297
858  1258
168  832
1425  650
576  1045
1716  1805
919  1725
1678  1594
201  856
44  1166
131  1501
107  112
1078  4
1699  1211
296  1385
581  459
1653  689
260  1795
826  1918
635  394
1119  1753
636  1846
373  297
690  1228
368  496
1582  1053
1975  1008
1110  1647
1807  1285
1748  1416
519  247
986  777
86  624
1358  1579
276  39
886  963
1715  655
1722  1229
1427  1769
1119  1236
1505  966
397  891
1202  1659
67  882
752  39
513  1262
1710  1699
1638  1203
1924  327
768  566
1249  217
310  365
68  55
498  47
1580  763
1622  54
961  581
1316  760
1175  1499
1416  1150
1981  1904
975  1834
1418  1127
116  1225
1802  787
682  1114
1950  1201
44  690
1529  817
1298  1691
510  1011
877  1994
1343  1722
731  1143
1785  36
1046  1306
17  688
1828  478
1535  525
405  336
56  128
106  314
977  1451
1349  107
864  1946
1556  1190
1185  197
869  836
1771  295
1717  180
1837  249
42  1155
1022  1074
1452  1406
1709  410
1833  1588
450  512
1015  508
1362  1938
1340  397
896  134
342  1563
651  1151
381  5
1658  749
8  431
302  742
598  1068
40  1688
486  304
1913  802
1627  653
606  1762
196  461
416  900
88  1241
1725  619
1083  1904
464  626
1936  1318
1909  56
1889  818
636  1425
631  1108
1977  1377
1161  900
1526  1084
289  1064
1106  359
28  1679
77  1506
225  1632
79  869
1006  1244
709  240
1228  118
1068  723
1383  797
334  1172
846  1560
463  225
982  238
1999  487
1223  1315
1415  910
745  830
725  1361
660  1734
824  545
743  1432
956  778
1833  715
472  1560
1764  483
327  598
350  1122
1231  775
1693  513
1421  939
811  1398
562  1080
1644  1589
1387  1329
242  1467
940  315
1156  1956
1843  294
737  992
721  431
1846  652
1897  626
1715  1553
1923  880
1840  1019
689  1220
1866  1333
788  127
689  66
1306  25
625  1730
1227  1454
606  1546
260  1880
386  646
350  1367
621  1629
1203  1136
260  172
917  1815
1311  1819
1959  688
747  616
665  1559
1442  937
22  563
1030  1931
579  665
990  615
478  1500
1890  1377
1396  910
611  695
1844  584
1499  1110
991  311
435  591
1565  1908
950  458
679  1430
1321  37
356  1096
1669  187
1271  1280
1942  1895
1592  1777
120  1456
813  1220
1212  259
1594  60
446  26
1120  105
287  1667
1705  1649
906  1785
1239  1810
1738  615
43  169
113  186
1430  1962
434  193
962  73
180  855
1493  277
843  1995
579  721
1664  389
1402  1609
1624  646
1839  54
379  1262
1206  1859
1171  58
1848  990
14  790
1011  1867
862  450
517  1975
196  266
726  282
1775  944
1239  545
1915  1536
1613  259
252  1935
172  606
1443  414
1816  1147
100  1739
1738  155
798  32
1540  1290
1308  1890
1477  192
1650  1523
1524  1038
452  1559
708  296
415  285
53  1507
267  1126
455  681
1123  1932
330  1776
1335  439
1058  1561
18  593
70  455
345  391
1810  1523
770  1811
1346  855
548  793
1245  1218
522  609
1070  742
1382  1073
376  1862
694  507
1806  46
555  483
1975  816
621  991
1515  1207
828  699
388  1425
1826  387
807  1850
493  1705
476  1836
1005  1671
95  226
58  545
613  17
57  1881
1092  623
592  878
219  348
1638  1530
431  691
569  134
717  1216
240  17
1084  670
341  1084
1798  1466
1177  1491
1749  1350
1101  1754
257  621
1122  1113
991  966
946  287
211  1120
121  1709
507  1336
1707  1333
1193  1540
558  447
845  1416
874  1806
1304  1922
1504  30
339  1005
41  449
1016  33
1274  1767
538  1279
1579  1535
121  1073
770  1380
107  204
1811  504
1891  244
1503  411
404  47
838  1934
285  1955
1571  1111
739  1300
1390  1683
1947  351
1181  1131
1253  1900
1895  2
1495  596
951  1684
399  512
307  1008
1812  439
249  1503
222  645
1808  1192
1366  1032
48  1904
761  1080
1905  1964
1078  1984
1798  1923
265  1244
845  243
168  1378
739  1984
1714  1976
755  209
672  1730
264  756
80  916
1068  958
1995  1967
1648  821
1391  106
1920  1028
1744  964
1977  1106
1558  1452
492  1119
917  1898
1182  1047
116  1945
875  570
1599  1887
907  1928
3  280
747  552
1670  29
231  1053
470  875
1246  520
1091  991
1784  643
1827  1798
691  1231
164  689
420  841
685  1186
657  855
1712  1784
1371  870
1982  394
1778  593
1101  629
360  1744
156  722
159  900
1413  555
413  1170
1543  566
1288  90
116  41
1887  1791
1065  222
701  951
1529  372
1275  1060
1132  754
1728  92
777  908
324  1600
382  350
1133  972
1020  1232
980  462
1966  1351
1824  1795
476  59
1169  1342
800  1783
350  351
305  927
1304  1258
1150  941
1442  1171
1570  1181
1042  41
1748  729
1609  11
1965  172
857  385
437  1368
405  1575
1268  97
808  505
1682  1998
1988  837
1761  583
1792  774
1148  1104
1065  1746
165  354
109  1871
1384  1091
1590  336
969  647
247  539
887  1040
376  1391
1510  96
324  356
774  1951
1471  14
1338  656
1443  313
839  1653
1682  136
780  1459
1641  1953
1500  1441
1729  1690
45  171
580  655
1391  1849
51  2000
1363  720
1357  1700
1718  807
1997  1318
1480  1959
600  254
1320  1180
161  1065
1299  1939
753  201
1167  94
474  432
1699  863
58  916
361  494
533  1177
1933  217
736  409
1376  799
408  47
1865  1746
1623  699
889  1006
818  699
1759  1624
141  1493
1371  294
1226  573
1276  755
670  1016
922  164
1713  180
541  1211
1153  916
465  109
1290  1620
1064  1956
671  1735
1506  866
1403  216
1867  486
1502  584
1827  863
522  1884
1532  1544
74  1814
1286  1864
1557  1156
675  724
1443  351
4  1553
448  308
23  1237
967  377
1279  260
149  520
1049  18
1714  1719
1843  1856
1823  1189
1108  1561
1818  826
299  609
1035  1721
106  1874
4  724
382  372
1955  1188
132  1823
312  141
511  1416
1066  1537
1552  1740
1079  1948
1000  1160
44  1806
963  627
1875  207
1104  1879
439  70
1953  1814
1404  1382
772  1658
446  1488
723  1277
704  1458
1415  1423
977  768
1913  622
1206  9
1708  1366
1998  950
529  1351
429  258
1426  264
40  38
197  67
1393  95
1235  284
937  1229
421  1987
1010  1797
735  957
1599  120
910  1058
924  169
1610  684
349  1841
833  1176
1612  229
305  231
1682  1942
347  1033
1993  818
1107  1693
500  1164
1223  742
1781  1613
1478  1600
451  1426
471  1265
553  1866
53  849
1845  743
1695  1144
368  1546
1095  983
717  375
11  328
695  1293
1857  1028
1700  694
1893  1544
28  1472
1052  750
63  452
1633  583
36  994
4  1539
691  1423
1417  1968
1333  1178
491  1454
833  1776
1818  1648
866  92
1566  265
1675  992
557  1999
1627  1579
130  1213
833  1365
47  880
1788  265
759  1705
675  833
394  1158
1496  472
1423  480
1450  831
508  562
1896  1505
34  1211
275  1787
923  33
655  1829
1688  1184
1301  811
31  1568
1921  817
990  1854
519  606
308  624
421  389
1097  1157
1433  89
1932  1197
1079  877
1480  1299
1169  1259
1907  1467
1072  1224
509  1590
682  467
563  1724
712  1849
112  356
1373  638
371  198
1428  185
926  1175
800  1925
308  1825
1688  84
1081  1604
952  443
1856  1734
1758  1704
1792  1031
1319  1124
1546  1638
469  1043
501  1525
1875  772
1761  667
314  380
1371  828
1085  1549
1300  554
1422  552
96  1519
1722  1180
1516  1231
1147  49
984  1477
620  1714
751  1034
1406  1871
388  833
89  285
1511  675
702  1852
871  1891
1782  328
1342  1839
505  907
173  1444
535  873
148  1122
849  1889
1302  836
1615  1223
724  1863
1721  528
1747  884
293  1724
804  1246
1929  831
1586  1231
177  1776
332  909
1236  939
642  1780
727  397
287  364
193  1820
1976  1125
1084  997
1945  474
726  572
1650  935
1391  147
1878  638
437  68
323  81
32  580
758  1933
293  1334
1611  1819
273  348
1925  1446
1289  1894
585  855
1101  315
1457  233
665  703
1000  1107
1179  1498
1644  1771
115  914
1472  1791
688  505
210  969
1016  489
1146  1280
9  611
455  1377
141  1891
786  181
1252  1192
1729  1497
556  1349
1334  407
93  1184
240  501
1978  644
1561  1871
1130  36
1277  1997
804  12
184  1496
243  1223
1109  548
1397  1813
1532  1105
1956  1724
1945  1329
1970  140
684  75
652  1146
298  1454
219  1378
1605  1058
1571  1019
240  63
1830  1690
1679  536
493  1080
817  799
80  267
1601  1369
115  1342
1298  457
1533  1671
680  1760
824  316
1529  1058
989  535
496  1426
10  1950
663  1426
1064  367
630  689
825  322
1830  573
1360  1448
993  1712
1416  1110
1320  1920
1332  140
1959  1198
556  531
1235  296
1971  1540
249  1
1151  110
1574  882
643  1484
512  633
898  339
1564  842
868  1550
1494  991
1322  1069
1626  319
686  692
1794  145
1863  1283
190  182
442  1226
925  375
517  1872
983  362
1970  219
437  1697
629  1389
1474  536
793  826
722  298
1867  1447
1222  639
77  1257
358  1130
1185  1147
757  1527
1439  1331
924  900
1546  1231
491  1815
472  1530
568  664
100  1016
255  1519
1116  51
482  63
775  61
768  1074
1280  1400
1327  1673
601  652
1457  324
731  1390
1919  27
1018  1896
1223  1690
556  811
1233  89
1128  51
724  1917
367  36
1918  292
1848  1589
740  410
1973  453
1515  1153
382  848
879  62
562  1839
1165  1970
235  629
1346  904
1216  646
126  510
145  1957
1973  970
791  1373
3  1949
1017  1731
1354  1192
1976  474
1369  487
1993  1220
1471  129
654  422
105  1002
846  1615
1035  35
1821  1241
745  1728
990  389
1051  1060
634  1117
595  1066
120  1340
1284  600
1852  1903
1777  1434
592  1476
1587  325
928  949
1559  917
252  1694
318  1126
1138  1882
347  1779
1554  1888
617  1741
1644  267
1132  451
1512  429
1489  328
170  53
1386  1600
209  787
1969  806
806  1984
580  899
1418  782
682  913
748  1738
690  1299
957  1057
86  419
1308  1750
254  427
95  1429
686  101
1246  632
239  621
1042  1650
88  1632
1621  619
1159  1666
938  1876
1508  265
1822  392
1652  1530
1139  500
1729  219
1753  1493
1881  1432
233  972
1495  1227
657  2000
1016  835
458  499
474  813
272  719
164  847
1330  16
310  1060
1308  849
322  1692
1594  1283
1036  1996
252  141
670  224
46  1030
1356  334
1686  559
1000  1391
417  1583
1553  871
1393  549
836  155
1079  1413
1523  1933
1643  998
1292  602
1547  812
1925  858
204  14
1879  357
1833  1980
577  880
631  4
748  1248
205  1508
857  1129
1412  1653
1068  1463
1735  397
1100  339
346  1413
1386  69
993  640
1272  826
1189  1683
960  1716
1489  1695
653  1603
167  583
287  1030
1697  645
600  1365
162  1257
1430  698
1921  1867
1425  448
782  1008
1743  1748
35  1240
1383  901
364  206
1356  1699
880  249
1990  391
350  1822
695  839
652  345
1304  1467
295  857
302  1813
571  810
228  559
67  914
1572  1633
989  423
283  1038
1080  1211
208  753
706  78
338  1015
850  1931
1951  1791
1529  290
1043  1177
1393  58
119  889
922  1900
1753  1905
1056  850
1873  1156
1106  387
218  1358
1856  790
1113  20
344  474
787  36
1167  1752
498  1733
540  1629
818  1615
246  1847
1330  1147
859  1008
1855  340
1749  1944
729  652
1712  757
705  1569
592  612
1151  122
725  318
667  1518
204  1203
230  39
36  1601
177  552
836  1568
1456  1981
1531  1425
984  1291
1171  951
640  1654
847  1598
1422  745
1320  1904
1610  3
1474  1289
284  932
1410  1889
1581  721
212  701
579  1638
1795  1042
1571  655
1216  1888
1523  611
274  1907
1046  170
418  813
508  630
1148  1326
35  1971
963  1925
1827  1326
1736  1468
182  98
641  1564
1565  1005
970  949
250  429
986  1489
1059  1467
452  1692
1431  1960
808  1617
924  1973
526  869
1974  962
1985  1416
117  196
1995  1799
131  1415
1882  1209
34  1290
1029  1180
386  296
959  318
1301  210
1698  1344
645  1382
965  1339
492  1943
1643  1387
50  1594
1880  398
1195  199
574  1569
1342  1859
1724  692
913  1102
1472  739
462  1318
528  469
1350  1886
748  1428
104  1834
1588  1181
1751  1613
234  1634
1206  1679
898  813
302  300
1241  1264
1539  486
974  1406
542  1588
55  620
1284  1505
1093  370
824  1102
392  275
796  1779
186  1133
479  1041
68  1134
320  161
1039  1738
675  800
631  962
359  98
989  0
433  1536
1008  1599
725  383
626  938
156  206
1757  1047
13  1379
836  508
1307  409
758  1035
1026  1040
304  1048
1898  997
1444  865
1012  1435
1710  1889
1496  1275
1179  1535
883  408
1571  427
1579  996
353  1481
689  95
433  1930
1522  399
418  1727
93  19
1794  1170
1757  328
25  162
1  1035
345  1773
1808  1046
752  244
66  862
652  30
1405  1578
1971  793
639  1349
272  1758
618  1127
1169  1270
630  1905
1185  836
280  1910
1933  471
912  1200
1154  1990
1766  1993
379  1227
1689  1093
741  1123
34  1092
672  269
1656  1340
872  187
930  1676
1731  1744
454  1024
553  940
229  344
851  1535
239  1963
1361  1687
1034  1513
388  1777
625  124
990  771
1804  1356
1097  248
1004  1710
547  1342
456  1915
1167  423
295  1952
1973  1937
441  786
1631  520
418  569
1261  269
206  479
1760  847
271  117
1369  1840
585  1975
1110  1375
851  1729
1830  1801
1348  1406
827  602
240  1936
449  197
1542  1155
1907  762
1387  1820
1418  1301
1736  963
232  1506
787  917
909  982
354  424
1476  1605
1417  422
1457  878
861  1658
521  108
311  1341
411  1646
122  427
128  639
135  1088
1021  1967
19  1900
1145  100
680  1764
867  1524
394  775
1393  641
291  1295
197  300
66  1761
1753  1629
224  1013
1861  1236
1178  359
657  1913
1028  1973
1693  573
1302  1880
1074  912
1404  730
1697  1646
1777  695
1147  1461
1231  355
1116  882
739  703
855  428
1527  1556
937  1578
706  1550
312  304
1353  533
156  1396
562  1148
1092  332
1139  42
850  196
1776  349
1074  1911
1232  1028
1921  1988
1781  1452
1978  44
293  1531
863  1996
369  1118
803  679
1639  910
1648  570
898  1128
240  1941
756  1186
1875  1847
1434  327
1035  316
1812  1991
1380  1606
1704  998
1642  289
1071  535
22  1248
1124  800
1860  398
206  260
562  1055
1825  463
960  1391
396  1973
182  1601
4  1890
1677  1522
1737  1463
588  1884
697  659
775  557
1720  924
384  1930
1018  393
1254  935
130  582
1404  869
1731  1742
848  1006
236  1336
971  99
44  43
1668  224
724  1815
1592  1893
328  455
784  179
2  411
90  232
1982  1699
794  1526
682  248
182  547
1797  1880
705  1859
1109  464
584  888
1466  555
1860  1968
339  676
1175  706
94  1870
30  291
1147  24
609  1958
1391  462
531  1497
988  1449
306  151
1642  1406
280  1107
1096  1274
1845  869
856  565
96  1068
1302  760
1823  543
1251  993
1095  231
502  295
624  1325
327  1231
32  1197
83  1934
1050  817
1325  504
793  1036
573  1043
1779  27
1574  784
743  582
322  249
1723  1733
556  445
1733  342
1762  389
1101  582
801  1123
1585  1900
1030  1822
321  873
856  1036
1649  1261
362  1324
1597  1443
1189  568
729  1708
1394  1270
1964  958
1038  1476
1310  1157
1066  1037
715  432
1667  1033
1446  10
415  384
260  1218
1012  1768
253  1104
425  556
627  1055
1400  1778
123  18
1866  1067
810  487
1618  954
746  1115
179  1355
289  390
475  1495
1953  1828
648  1234
1186  208
977  1636
1535  79
1300  1956
1110  1164
781  1683
1716  781
1473  1525
1421  1375
1650  454
1307  1887
3  1687
1685  348
137  173
1643  1455
1492  142
1503  1804
1974  1742
1230  656
1963  861
1905  1258
833  1509
216  541
207  1490
189  930
1644  101
911  313
1821  394
24  1499
1981  1208
1617  272
1387  619
975  746
526  1321
701  1819
166  1712
1942  196
846  1802
1559  1875
893  1711
883  1175
700  968
290  1613
966  1219
929  1789
1278  714
1103  1945
277  0
1708  319
712  85
1387  192
420  1610
1275  785
872  1329
1511  854
245  1097
1402  1433
1883  1961
592  814
662  432
1045  1327
1000  322
1329  1193
1242  750
602  1645
915  1508
767  609
1793  87
339  258
696  1145
875  1120
989  1373
767  1827
1004  1416
453  1708
722  834
1790  1141
1144  1867
318  266
1938  1641
1458  406
1903  1889
1538  689
1863  519
1931  1972
1933  1823
299  1277
701  515
1878  980
1777  1150
1196  1485
1143  1949
1236  1771
1044  827
1187  956
1010  979
1857  339
778  1386
682  1716
1440  199
1695  102
1708  1769
1947  1910
958  125
1374  1218
1041  1552
339  647
1987  1090
1105  1779
1787  1413
475  936
1496  314
1938  1653
1084  1980
942  862
555  1811
1913  1934
583  555
13  795
459  1175
1879  302
1849  1661
1789  1069
1505  1184
1758  193
783  849
525  1402
1825  1532
741  264
76  1819
794  1957
1425  511
748  1179
1999  623
1408  826
1585  665
740  1628
1994  52
1474  1512
1696  1275
1679  824
1540  605
568  307
1764  1574
294  76
571  586
1885  446
104  1176
628  176
1056  1027
1621  1288
1234  478
1710  185
953  242
1414  422
311  1256
1642  1950
1795  1888
732  789
707  707
1709  1277
443  300
327  1428
810  565
1176  1514
1427  582
415  1482
348  131
1437  408
975  263
114  388
978  1225
864  1321
323  1997
949  1076
313  328
1198  1826
521  1929
1674  168
803  412
1153  1446
57  1774
1197  908
427  542
802  1738
856  294
269  408
153  1317
996  538
341  707
1911  985
1591  1848
867  1983
1699  230
911  986
174  1028
1507  1816
1472  1448
1051  1843
80  1180
1423  1394
1932  1173
794  449
1354  293
1636  120
411  1050
633  1188
1493  399
847  705
1692  1643
763  1383
1365  107
321  1380
81  357
602  225
144  716
704  1378
320  1789
1623  1224
879  1145
244  718
1030  1189
1644  325
1089  1693
877  260
1732  738
559  540
635  348
1178  1670
181  294
1909  1854
233  90
573  1042
1506  939
405  556
593  428
622  389
1246  1062
776  1892
703  927
1411  992
1416  152
326  157
1846  13
1922  234
113  1371
931  5
1779  1662
899  406
1203  1307
1079  1915
554  1521
145  278
6  1290
943  542
1332  1520
646  459
612  1540
955  867
687  1868
1740  1234
1353  1925
1872  708
484  925
52  1546
443  1318
1950  232
755  1872
1884  56
1446  884
1924  62
1619  1948
1868  66
1798  151
175  1817
1424  1293
955  1461
1151  776
767  1971
1687  207
412  1132
1166  469
1666  133
1964  1
1977  1689
1823  1295
1642  248
1579  1574
176  1024
1635  1279
235  552
1933  1573
903  1157
514  204
1878  242
906  1668
178  308
1557  1633
1829  895
659  1860
1791  597
1864  1423
1317  1796
769  1630
1883  1681
1544  1083
711  126
74  260
1349  1307
301  1654
119  469
185  1175
1776  1993
373  965
933  863
709  1687
1595  1009
605  1620
713  1025
742  620
562  1052
323  1784
1971  1896
1511  1845
170  297
1873  1097
675  803
429  664
1302  1569
1614  1699
1092  1599
1002  279
774  1962
1415  1753
1966  698
786  1427
356  1899
1070  123
807  1184
1596  1691
1836  675
566  1090
1621  1594
972  891
1268  796
1134  1528
1270  662
1654  109
190  1890
534  1437
405  251
1447  1595
1855  426
113  1203
226  826
1974  1293
929  1622
197  330
1575  1931
1530  1231
780  612
1412  268
1162  509
209  1142
1334  837
258  479
1005  12
251  1664
1860  915
1162  1888
706  878
239  1645
724  1500
582  1924
1023  1404
241  588
1286  507
1513  359
448  3
914  1255
1993  1955
1484  42
1002  1
532  1293
715  1028
1713  1063
579  278
1941  270
224  331
583  131
1662  831
1344  830
573  732
1107  1409
990  1385
773  122
1646  1163
936  980
896  1717
1730  1292
777  1497
1896  1524
456  598
914  587
878  1643
54  983
1000  245
820  1761
1404  417
393  908
1283  1306
1789  1494
698  463
284  1377
1352  249
204  1270
575  1992
34  1262
283  920
654  1073
346  1601
1956  1090
995  1989
674  1734
1235  1816
917  829
151  173
1989  934
1194  1317
1297  904
544  1128
1967  222
1172  420
1043  1200
903  127
312  1204
1395  198
330  1130
1534  1311
1043  1775
1194  1335
1371  1145
1837  1068
1767  1491
91  1749
1500  542
1941  1268
1229  1789
40  810
363  1486
984  999
1993  1769
105  951
1352  1468
198  452
1404  764
950  1526
92  1475
301  248
586  652
997  1428
224  359
1945  529
1353  759
354  152
1262  270
1462  1992
1332  1457
709  1902
1772  1668
443  1975
18  1606
123  1691
844  645
1436  1722
1645  265
739  1774
1856  172
1012  907
997  1836
252  546
915  1494
1234  1133
1233  262
1495  996
383  384
959  1925
1125  1933
1829  498
1535  1166
420  545
200  362
706  486
1036  903
1260  1503
1052  571
1393  1206
281  589
1973  75
1508  845
1899  629
1150  1285
1408  1349
482  848
1290  1934
1278  136
455  95
1459  1013
1811  1968
875  1515
746  538
838  1236
802  1509
846  787
1810  1403
1804  1693
660  41
227  924
1588  1897
1043  1397
1195  142
1372  161
1882  1745
1119  821
1138  311
637  1360
598  1707
1163  1245
1112  1793
1280  1270
58  281
1138  1649
1987  1701
1657  1419
789  617
980  932
918  1895
1923  1616
1080  1058
119  350
951  1056
1640  1816
547  9
299  369
1537  139
121  593
1732  1509
1586  903
1569  948
1545  1086
406  120
1061  375
758  1014
1075  949
1810  1246
1409  277
1345  941
1691  796
231  1628
146  382
1963  1653
1340  705
759  258
285  1972
754  652
1336  610
1224  1354
1724  272
1926  960
101  1461
311  723
677  575
1432  1945
1047  302
483  990
124  839
79  206
575  1776
1307  893
741  338
932  961
1668  821
336  1517
1538  1524
1150  1091
1417  1405
1344  1980
229  189
1645  941
1777  539
1467  837
512  1052
1830  1003
1242  1769
1691  1042
934  572
833  1331
637  602
1034  240
1620  912
265  1521
438  458
186  1869
761  1623
1374  1375
1561  1839
576  1008
495  1026
612  1369
1827  1369
1105  1004
717  419
392  1372
1247  1285
524  1331
453  309
1975  1733
