10000
487  1136
827  929
1072  1318
130  1784
1187  1712
146  509
1223  1293
613  970
1751  344
147  70
294  1765
590  183
516  38
1547  204
699  1262
1768  794
477  37
1363  425
76  822
191  238
423  1119
984  1318
151  373
201  1100
869  889
1173  1390
1245  1576
342  1852
944  119
1486  324
420  648
801  103
1697  1768
1132  1690
1110  523
159  233
1544  420
212  698
471  198
193  765
1260  378
1211  1821
638  1309
1896  1950
1774  1310
951  1875
1352  1594
242  1170
1021  1998
1443  441
946  1368
1239  1285
1469  611
1020  630
954  1689
609  795
1527  735
905  84
1619  126
417  861
1988  431
1465  1281
1656  1170
1264  1510
1918  702
803  355
131  454
1105  1097
1821  1583
1235  846
983  972
1727  263
1274  1327
709  310
799  1490
422  773
750  44
886  539
1435  350
673  754
89  1311
669  130
977  15
770  1566
398  817
1403  1887
1506  1810
1512  904
1835  1443
764  1602
1872  1234
471  1082
175  1848
1345  1614
1131  1506
1920  390
1415  1122
1822  832
1614  1875
1385  1356
546  595
1473  1986
1098  1989
161  157
1422  1200
1984  582
1056  1582
1263  829
796  431
10  235
1808  829
726  397
1705  6
425  956
590  1446
956  168
349  259
1099  1984
701  1424
1317  417
740  542
1081  884
288  818
876  669
949  1024
286  856
1444  446
439  1732
1485  1161
1295  1367
1969  828
1634  1181
1730  1434
1755  178
94  829
479  847
762  1390
383  1761
1088  1741
1253  579
1256  1869
1589  53
512  1222
1093  1802
441  1204
1856  1857
984  1124
1818  1901
95  1420
1901  683
1687  453
1514  521
203  842
699  618
134  523
1879  932
770  329
327  1752
1706  1211
1799  356
1603  388
666  412
1829  156
33  1555
865  1952
566  754
811  659
531  739
1505  1671
946  274
1495  1157
1312  1796
932  1115
1930  995
93  82
324  521
505  682
1124  682
1875  1992
1018  1905
389  209
40  1577
1466  741
1855  142
900  1499
1250  900
227  1360
1411  1707
1128  1291
572  856
966  623
1488  96
1267  1741
919  459
831  770
241  244
1641  1457
527  604
231  385
1924  1616
128  1105
814  402
1247  1236
1972  290
529  720
1796  1448
1030  1964
704  1124
1300  1815
1077  276
948  885
1842  1454
1558  926
1417  1338
1983  886
1127  1398
1038  314
1252  1402
424  1576
1168  1995
143  223
1018  1552
317  1498
1594  1989
239  171
924  1026
1031  147
1276  514
1067  1885
240  1139
1049  454
1001  859
1629  1542
219  1764
1344  59
483  23
155  1035
196  1364
941  1563
754  1393
1115  1451
1165  1649
876  1784
143  50
326  1936
1293  1575
338  239
865  1362
342  1030
794  892
1760  1481
1860  1912
771  507
832  692
324  1610
401  727
621  1344
1621  886
145  337
951  662
586  945
1856  1069
597  726
1442  1475
793  399
553  1409
271  1937
652  1452
883  72
330  1696
165  333
802  658
1048  279
1873  1344
1995  1333
1542  594
1069  221
693  543
454  1869
1950  1055
1673  1448
801  1941
1748  575
1574  327
1832  1655
575  3
1671  1256
805  676
1768  1342
1657  1385
243  51
474  673
533  683
1202  1045
124  8
1170  846
1556  996
1710  690
1397  1529
860  1928
618  1336
1452  415
950  971
1569  1429
1483  1925
906  347
698  1330
1653  1790
52  1038
953  1723
301  646
513  287
1561  1740
1430  1167
46  1613
1198  1470
1256  1468
266  1745
1012  804
633  351
1546  1313
860  1136
494  1775
1196  1996
118  114
1655  252
867  1304
1600  1237
599  1858
1281  1273
1217  1912
782  784
1688  7
1181  175
155  518
1974  1575
877  1434
1779  204
197  1182
479  138
540  1205
1375  526
799  1087
1292  1153
1482  1880
790  1107
136  77
1435  1324
429  1127
171  268
495  335
1799  346
1689  1035
1513  1435
1255  463
1439  488
1979  604
1813  1076
29  1032
828  661
369  1308
764  96
1432  549
1455  563
44  40
300  150
207  24
1673  179
1811  238
913  985
246  1306
531  1532
512  1598
1743  1960
60  74
955  1096
1222  1081
6  1090
566  812
94  1277
187  1694
471  1960
25  386
182  804
1090  1931
107  1768
1187  158
508  1763
1850  1048
1167  848
87  1417
1056  618
1498  1989
415  57
378  254
189  1333
635  914
1611  279
1701  1990
688  758
874  12
981  1980
1197  1342
717  803
1369  1878
1303  404
1258  76
1939  1477
585  751
1392  1325
291  1019
406  1367
1042  546
1312  426
770  1701
1609  1066
408  578
1756  915
839  312
1356  712
566  738
1789  16
1584  697
391  372
494  799
1689  112
252  1334
740  886
1139  454
1982  1895
1607  1942
885  1390
1454  164
241  712
334  1137
1846  1252
1070  1815
329  403
1844  322
1776  468
775  301
706  824
1702  1468
1751  154
1728  1601
1522  1616
164  1526
1134  601
1224  542
14  674
789  1813
312  758
438  884
171  1548
1638  1917
484  604
899  398
528  609
1625  955
1932  1747
195  1
1440  1202
556  1446
1525  970
704  535
1408  1890
463  1159
1922  1899
1430  1123
442  1230
1992  569
1726  1283
750  18
1243  93
921  1368
1119  960
1530  494
1847  240
1809  393
397  1929
712  765
975  1625
1814  663
1419  538
828  1357
305  1880
1431  321
1048  550
1668  495
1183  3
897  1362
637  182
1060  801
198  1840
956  733
859  404
938  586
1493  811
23  1853
1821  1714
1271  507
1296  1448
1172  146
438  1561
1161  564
491  1575
1232  1183
555  35
1886  1605
1112  1313
1613  1783
1617  110
1283  689
203  1485
1767  61
376  1177
1833  625
370  696
146  1148
1944  1720
1767  1792
903  1861
1490  465
1883  489
1806  1350
208  833
351  79
244  1645
952  540
268  1589
160  755
1898  952
844  792
1430  787
373  809
643  1940
797  26
564  154
834  542
369  1134
1611  1229
1214  1333
1735  1053
276  1501
444  1331
1193  1663
1433  1439
654  1814
1233  1741
1819  1907
1346  825
1964  1352
1949  706
1643  210
1075  529
972  292
969  1709
1387  1612
1904  1030
483  1281
1206  796
429  1008
546  1352
926  980
524  1757
1648  1556
1147  1422
1566  1534
415  412
206  862
383  1379
269  1701
57  1984
1727  976
1214  1525
1979  1157
1313  1050
852  1246
426  626
660  1784
290  749
1435  1586
906  1426
1727  1762
1909  1338
1727  1225
1097  185
1267  50
361  577
814  527
142  1110
591  481
101  842
1357  1666
1334  985
1197  1125
398  1085
1055  1523
1883  169
217  1526
1873  1808
1645  699
107  1335
1263  278
11  1298
97  633
1150  1999
663  420
625  367
1944  433
1815  759
773  467
1783  1295
1848  397
615  1483
1150  1513
1983  961
1353  1552
614  1474
1236  1924
567  62
25  1052
1636  61
1098  1456
1488  572
1877  1044
1495  1268
419  412
454  68
206  1297
989  1961
996  786
1264  812
1421  288
1283  1627
1835  1953
1407  1430
473  1595
873  1483
775  651
487  469
537  1792
670  397
1795  251
163  1832
519  309
599  1542
21  457
983  1690
173  10
1651  1985
453  1189
1783  795
1124  638
686  1453
8  1058
1067  878
1337  1665
281  792
1538  398
554  1705
941  778
890  1083
77  990
1532  1007
1750  978
362  1092
1423  678
860  44
362  610
1551  564
1717  1571
431  1666
685  272
545  26
766  1513
740  817
936  880
105  664
45  681
752  802
1294  1573
1432  2
511  364
1138  1568
1518  984
1075  139
398  1415
243  1735
669  1502
126  913
1763  150
280  921
994  1966
1123  77
919  10
1871  721
125  1919
1438  1739
418  926
1755  1867
837  1256
596  1229
606  1298
1025  1795
545  603
877  1590
1396  1098
1643  546
738  202
599  1786
1405  666
1875  306
1216  1736
1035  1410
429  847
29  832
968  1579
1577  121
1539  1151
428  991
1814  1577
1368  1927
1091  813
1490  471
1754  1941
85  749
1991  1543
358  1430
1892  131
889  1024
1570  967
1618  422
1740  301
893  959
1261  641
412  296
358  427
1583  56
573  860
1764  298
1186  504
49  905
352  12
1451  309
1374  972
1420  1405
356  942
621  1173
506  1806
87  548
1990  1192
187  1100
651  1953
841  1904
4  494
1057  179
1812  51
1408  551
1928  923
1288  1179
346  1856
1972  109
893  1624
1346  715
1640  1924
1677  396
658  552
1530  1156
841  1839
1956  543
1027  1296
1552  634
928  993
1209  604
121  1900
1815  586
1082  780
1624  435
1511  1751
366  4
1692  1240
402  1993
785  1648
286  1650
1094  1054
1975  22
60  47
1933  1941
1425  409
959  1190
142  1714
597  1869
122  1645
673  1330
1696  1080
1153  1689
529  153
1219  1929
1959  1197
1928  1754
1316  1208
190  1057
1553  1159
1056  1339
418  1090
1358  550
204  1083
1465  884
656  1664
1540  406
1649  1091
683  1547
1271  865
848  1437
1676  1177
1533  1940
1956  421
104  1651
1335  1377
758  1345
1169  1933
1870  1460
206  1621
1861  1146
92  1953
414  1827
303  1466
88  1945
722  1966
1472  1115
1010  1759
576  503
188  400
1254  282
227  1062
378  374
910  494
952  23
938  390
318  722
1326  32
242  1553
1857  393
1918  1709
524  405
1897  614
1223  837
866  503
1465  1376
1329  814
315  1027
479  1704
663  1510
1362  967
1880  1498
1931  1
333  41
636  1440
1788  602
1076  148
1425  135
214  1516
63  1382
708  1309
1485  239
45  1394
552  190
843  975
1526  1834
1818  181
1248  1288
731  973
304  548
1694  1444
90  970
89  845
1259  1750
1432  589
1347  411
456  1737
1265  1027
361  413
1115  385
1756  624
549  314
1034  1060
1037  583
1437  1559
1168  1379
1301  344
1672  276
1997  1835
558  941
871  961
1410  228
1596  1423
453  1749
597  1052
1549  826
1704  990
1240  98
174  1507
1772  223
770  1171
532  543
164  1522
135  152
1443  894
990  1242
1818  1790
613  664
758  1969
1372  1222
1121  387
1327  1112
1673  1183
469  924
965  321
304  1280
1413  867
654  963
394  1785
1684  1083
190  632
804  1907
44  1948
1726  1438
692  1817
1310  1342
1324  1353
345  1590
1575  1164
1699  169
1646  903
154  1328
1021  1977
784  1230
886  1918
1732  1373
910  1548
1037  1159
1685  1960
1375  1620
421  208
1886  1227
511  818
1531  108
129  325
982  925
1415  575
1634  769
1542  373
1817  732
484  1807
392  646
712  605
143  393
600  1281
1862  480
1809  117
536  1686
156  898
1326  1338
1398  678
1261  632
1989  980
1592  615
1694  1755
971  1374
146  1660
251  330
314  1136
1150  1335
312  1857
1706  1923
1726  1382
106  1589
319  67
1723  361
515  145
725  543
394  378
739  1317
554  992
1087  1792
1846  1825
956  397
509  1835
155  60
1027  1434
1295  674
1178  302
12  943
1419  1102
1155  428
1617  403
1169  1712
927  1470
1903  608
1397  1424
1881  564
1600  1681
92  1275
1742  1302
1785  839
1677  1534
1850  953
142  511
293  32
1232  1516
1234  557
1896  525
1171  1348
595  130
908  195
885  1597
1710  1519
1777  1012
1767  301
119  640
1959  1490
1080  1283
702  736
44  1230
1184  49
1883  1682
398  1023
1883  1728
905  966
1153  1080
1115  91
1952  1399
902  1737
221  994
965  566
1053  733
1968  698
1357  1303
733  847
1810  995
455  73
791  501
216  992
1242  545
56  1550
124  1507
741  1210
1737  594
680  109
1222  482
1215  1956
1622  1074
127  733
927  17
796  70
69  21
1121  1186
1003  949
484  1845
1376  124
1169  805
1362  1918
1120  77
1955  1887
1084  1259
924  20
230  1825
1249  522
70  315
1137  1725
942  745
1822  51
58  781
236  453
258  1105
1221  656
1253  834
627  2
32  1368
965  349
953  1166
618  1024
1411  953
221  1824
904  888
784  1240
1812  155
1941  123
783  1445
586  912
803  704
1363  773
929  1828
531  272
103  939
1791  21
1088  201
1947  1135
1072  224
1492  714
1746  203
1831  586
1734  630
149  1145
1227  1062
1112  1632
589  1709
1628  809
655  1848
587  521
975  560
353  39
1852  478
38  1688
392  827
1919  1919
1821  1597
1967  1256
668  1355
734  815
913  884
907  1302
1286  668
183  1897
419  319
159  1833
1410  1702
1809  883
1133  1794
1632  1196
1791  1678
1368  132
89  1133
35  1686
945  1810
1705  666
1999  546
764  1591
291  255
598  1546
1720  1956
1615  255
764  1293
407  811
952  5
992  919
1982  1014
1636  253
1856  1323
523  423
536  1086
716  11
1638  554
349  1773
1437  1915
1393  981
851  1825
967  128
1272  617
527  1240
609  1312
1057  1066
149  1163
176  485
489  73
1190  1841
1594  1207
380  1701
1158  1389
575  1998
407  357
854  1371
880  1516
1614  1340
1665  501
371  169
1693  1614
1239  332
278  1730
385  1078
1518  1349
1676  1073
1472  1897
1058  813
678  1029
1699  272
1160  146
1999  1814
1949  1471
635  977
93  754
1647  1653
1784  1901
1306  1751
1996  287
507  1782
882  1974
1096  842
1340  152
597  891
1118  699
923  114
219  949
1785  1490
1745  1521
801  1761
1674  1618
24  1984
282  209
1001  1573
362  621
1613  106
630  433
1688  614
1564  1498
290  1586
490  1202
680  920
706  1217
1324  709
536  1824
125  329
1749  472
773  668
701  843
1323  1491
1042  1
229  339
1706  381
1149  413
424  933
145  449
666  350
101  1640
568  980
1173  1760
40  1557
1815  590
1280  1721
1804  443
396  545
1362  1034
828  13
1971  788
900  393
1902  1286
201  519
1948  617
851  594
482  1595
1744  862
1755  987
1264  1747
1652  317
1748  1490
904  1032
1392  417
1310  176
563  1328
168  301
831  1277
1909  1842
1577  667
1056  1359
783  38
1063  1723
1124  598
1885  138
96  1520
212  1374
1566  1197
714  447
960  1541
703  1584
630  857
1912  1322
920  1124
1872  553
267  1128
1169  1099
111  1191
429  1775
1425  263
987  602
1928  1494
1195  505
1757  1795
1420  1440
1560  1906
1722  783
1478  916
919  490
1359  1284
858  793
866  1939
262  291
1133  252
911  20
1521  797
1853  781
399  1766
1436  274
1854  1530
1232  651
1419  1907
1251  1234
203  1789
793  717
901  1815
938  1299
1478  1990
287  1230
1533  1789
1019  1967
1499  610
185  228
1302  1405
1533  1826
1333  1582
1025  1986
419  990
650  631
89  319
573  44
161  842
458  1237
1159  1977
898  1184
465  1407
498  1945
763  1500
987  1142
758  1578
1937  1456
1827  1961
1773  1987
1067  236
1462  1054
1782  912
1170  1328
837  77
1936  451
146  1231
1202  1659
985  852
308  624
1273  1110
358  1863
1581  1470
1103  534
13  1317
1947  1559
1050  1820
1443  576
1984  1746
512  1434
1547  259
705  77
540  786
16  1197
368  1905
1180  14
1935  741
663  124
1566  1651
998  1708
710  1897
31  1982
970  671
1132  374
200  1881
1699  1477
1641  668
1589  727
169  336
769  1830
391  996
812  736
67  1466
613  178
1355  1120
1438  1419
609  387
1114  1632
1696  928
270  1779
970  1165
760  1666
313  1796
1350  1947
1364  789
199  368
260  93
252  20
1264  1733
1869  644
1331  973
841  401
617  1074
376  572
1951  1918
768  1480
878  1414
619  1055
879  1120
1480  1029
545  412
1602  1867
321  1822
319  1604
569  1163
2000  1019
93  1992
1540  386
483  1687
1737  639
1671  1298
722  1448
651  1643
415  1993
605  1423
742  699
745  806
852  891
600  1046
885  580
1194  1547
1502  1880
84  1218
1088  57
952  1838
577  1827
731  1098
217  1325
903  1733
1649  226
515  1596
1906  1465
831  1706
673  752
333  34
1707  535
1680  1018
645  1751
1874  1301
1164  1683
1166  1060
1287  1416
1209  1577
37  236
1869  1476
1379  1187
330  1492
48  1399
1275  1163
717  168
1082  508
280  279
1439  1653
1199  1954
156  514
1491  71
781  1972
835  300
1965  1109
1010  1897
1333  204
627  31
1198  266
1144  1934
579  772
1631  870
225  773
1123  226
1560  331
1420  1039
1419  308
17  504
736  295
552  598
1046  867
234  1974
949  169
208  356
1337  1662
939  681
276  1078
1189  1599
734  947
1430  697
426  273
510  1783
147  176
1529  1542
646  34
824  634
187  141
613  1999
265  1410
1120  847
329  1559
293  899
1930  167
455  1789
952  1162
1346  617
1632  1143
1446  337
1752  583
168  1234
1201  284
1243  1404
1671  689
335  944
1877  3
1754  466
1223  1827
1178  130
1642  195
632  1873
1760  827
1663  1119
8  1296
507  261
773  1949
1187  1255
1974  1432
1331  1325
1764  1428
1080  301
966  155
1215  41
824  1849
1960  643
509  576
1641  52
765  1674
1727  1279
1211  318
363  133
1710  1212
166  1973
966  1370
1878  1907
1403  36
1835  561
696  1496
817  1553
753  1795
543  1729
1287  10
1337  1293
933  1889
1511  795
1407  1256
245  211
731  1040
183  1998
1144  115
1997  1646
1134  1516
598  530
1449  336
875  1961
215  1318
1956  610
1796  879
74  1341
1515  888
893  1822
1602  957
11  1545
1554  575
1190  1070
491  1674
592  1235
1430  488
1201  1596
1997  281
1596  1930
104  505
1542  693
787  1207
703  1938
1355  1419
1836  1753
1782  426
611  560
1047  227
32  611
1171  1791
1486  1415
1811  866
454  1336
570  1863
1186  422
969  674
251  262
202  786
1175  1432
1281  173
1574  631
711  158
826  359
516  230
427  1496
368  1494
1796  729
1664  1395
81  1451
1972  459
1905  1737
889  84
295  1968
151  312
898  950
72  1268
183  1053
1927  1705
1015  530
1467  1200
116  1418
970  431
1561  1949
1077  1072
1675  1187
1847  340
460  437
1395  329
1907  2000
1035  1873
1363  236
1240  510
593  1906
580  84
525  1449
733  649
393  1968
1024  1153
1692  1638
1940  858
1622  1312
637  1559
460  360
590  1443
1653  1490
1617  148
235  1014
721  731
1463  928
968  41
1259  1885
1643  604
326  1236
1953  1250
1996  639
1019  381
448  1923
705  216
415  541
139  735
54  52
1420  774
857  92
853  273
1563  1071
25  541
1815  1675
1927  696
200  1196
1874  1333
1084  527
305  767
1980  1251
671  1585
1040  556
1131  6
317  1469
1619  1257
1946  1671
667  505
1434  392
80  219
1250  957
1089  479
1137  1056
332  1741
1865  870
179  1418
1819  1407
1537  180
1132  467
940  875
206  31
1675  825
1682  1747
568  467
1308  329
1366  59
1324  15
1429  1420
1174  200
1063  584
1325  425
1855  651
410  635
1739  1016
1551  911
284  200
1720  436
453  510
1175  695
592  209
485  912
1083  838
1602  833
1122  821
514  268
113  368
1448  1366
955  993
930  799
1484  1212
1115  746
548  1777
629  1425
1545  1218
1507  1507
1071  1710
838  1004
701  1143
330  645
1287  1551
1021  358
205  1457
1667  1005
1071  1348
325  1300
1073  1256
743  111
1685  1135
1698  1528
1705  740
1681  310
1863  1523
1199  547
949  1982
359  346
1678  1581
1918  1444
628  861
1535  1117
905  1113
1832  425
1415  84
1130  609
1247  106
1603  1546
731  1945
1582  1797
1924  331
550  1522
1616  1277
1852  893
1838  325
1084  999
14  137
793  1245
1370  1810
702  1324
713  543
95  899
1361  1193
129  624
431  712
797  1715
125  646
1303  1186
1246  626
151  1257
599  432
1619  1664
1832  746
1644  1773
22  1455
476  1794
644  1260
483  884
880  600
1461  920
7  1819
1705  1413
75  328
542  1104
1226  1181
789  518
633  463
1850  1075
932  153
1940  708
580  289
42  648
1823  1050
322  1676
1430  1504
1259  1150
1319  874
554  701
1958  1759
480  1349
1635  265
1752  1084
926  448
322  275
1518  456
342  433
1534  310
1219  157
1256  1647
1426  1391
1223  1862
135  1467
650  127
734  1591
1701  442
260  266
894  709
1591  813
1494  592
699  834
352  138
1889  325
1702  277
1159  777
1851  1250
920  1763
1675  633
726  558
1558  386
1932  530
243  1117
148  603
541  1308
332  783
1100  185
1688  1569
1530  512
1685  1524
1826  877
1957  1499
1395  1688
532  326
586  495
1647  1154
474  57
1562  69
1354  895
583  567
736  549
335  1841
996  954
1583  780
20  993
511  1890
1513  298
1888  1028
494  307
1749  1947
1251  157
579  1638
12  81
339  461
616  944
1233  1747
1318  679
698  323
222  1630
256  1142
1640  341
107  1611
912  1464
1619  1773
52  1649
554  599
481  1525
743  1163
1452  1730
802  439
1373  1729
453  116
854  844
1755  1659
166  1169
230  761
187  788
1282  1214
393  1133
1313  631
798  1583
1202  273
846  1268
517  106
1385  1178
923  1823
1388  400
1780  1307
1756  363
147  399
1034  403
719  1519
1137  1852
424  178
1282  1416
290  1918
556  1007
1539  535
1829  622
109  208
241  729
1342  1432
1054  1481
524  1076
1283  1465
927  1002
1855  23
1077  1662
32  1098
1624  525
463  1900
1191  1858
1564  1008
67  688
1065  1666
224  811
288  303
774  1368
1652  819
1398  1041
1308  1314
927  1335
791  692
1798  879
1299  1663
609  703
868  1582
1584  1620
1060  615
1593  1341
1876  123
327  1995
317  120
1028  1597
934  1080
1139  794
1578  1012
262  1388
1545  493
1249  523
988  69
1150  676
1342  1928
875  1178
443  236
998  1144
793  1443
1108  569
1939  1324
1163  410
1315  974
1615  1615
220  861
269  1382
1042  508
1158  68
570  373
396  1514
1757  1036
1964  279
1623  1293
1955  718
477  166
1689  43
1810  1463
1807  1359
1763  1575
459  1303
1638  1220
133  478
635  36
169  1696
1529  1513
961  42
1737  877
1023  1922
81  201
1984  255
1950  1459
1797  1584
550  5
262  728
343  1338
1896  1671
553  942
828  277
1648  863
1587  1185
1673  1971
716  608
1461  52
323  1879
637  600
137  96
1612  603
704  529
1869  587
1157  1366
1693  45
1816  1864
865  1120
864  834
832  1380
55  1198
1219  1089
1159  412
1111  552
1805  765
1775  724
1687  154
108  186
1035  182
1600  1235
650  1058
46  719
655  1525
1450  263
1589  984
1396  80
95  1336
764  563
409  1947
537  731
1385  1680
1693  1115
1997  1612
1003  1232
643  375
1349  1052
1849  1274
428  159
1960  306
1363  1672
721  1472
1066  166
35  948
409  700
1562  275
1418  1945
776  1998
1548  705
1491  1846
753  1832
1531  992
1971  1025
157  38
718  730
1066  31
1318  384
908  648
896  294
1195  300
83  1317
1419  1957
405  1563
1497  1184
316  561
1485  1097
160  218
731  471
139  916
1871  551
461  577
776  1215
1631  957
233  978
222  1569
1895  943
369  1164
41  1711
1063  613
1234  1674
1125  2
762  12
1816  436
399  353
1917  1594
1647  1069
456  197
1313  606
1827  1781
57  14
1268  1399
596  1624
669  949
569  1476
1691  205
468  1290
438  75
1450  348
1115  1009
1082  1360
1791  1088
1775  780
490  723
1072  1764
494  397
1370  849
1177  728
1497  1572
1559  1341
68  807
383  558
1330  1798
609  1997
106  1501
969  1132
1798  176
1249  1100
1114  1565
1074  686
1161  1825
1691  1676
240  1360
994  1614
1579  56
1599  1302
779  1248
239  806
354  1800
1768  385
953  499
71  592
233  555
264  762
631  1585
1134  1271
1598  990
296  330
1268  912
980  41
210  1099
1991  1551
1379  1328
916  773
1805  538
1887  1458
1236  993
869  16
1249  218
550  1070
1512  1160
1870  1680
284  1143
1171  1209
1014  1268
561  1597
653  324
1636  382
1277  1946
1464  624
1890  1179
27  1253
1034  1098
1711  1042
1384  1266
1840  62
183  1474
1443  1593
1758  1854
1623  609
1755  1862
367  600
1768  687
1482  1222
1821  79
237  869
67  100
567  910
531  666
1154  120
1496  1605
1763  847
193  1245
1590  65
1591  70
293  849
396  91
1312  413
447  367
929  1331
407  563
1502  325
1636  1174
707  1883
657  1198
530  314
1867  1549
1493  395
49  1404
1739  843
1030  1356
841  1716
1308  1522
1406  255
848  402
974  611
456  1359
1324  1191
1755  1430
1425  1747
1084  1512
81  978
1464  1266
1370  792
1613  452
1288  508
1540  1190
1045  731
261  810
837  1401
1946  1299
1705  781
1747  459
1490  45
115  1698
477  985
1177  355
209  1839
212  667
462  1164
1461  524
1067  1932
60  1890
83  141
239  482
1435  1861
116  494
965  1181
94  195
881  1537
1028  92
54  1402
1955  47
711  1994
349  1843
728  1110
443  1453
1161  474
126  1603
951  1676
1870  349
654  1477
1715  1386
1311  1984
1149  694
408  247
1920  1912
1642  80
1305  1996
1508  1466
1781  751
1302  1872
19  760
1995  327
1199  410
1004  370
1268  124
588  241
193  718
422  1759
623  1557
1149  720
841  718
1354  140
1935  1890
1304  1866
677  1398
795  985
1663  1068
1652  1999
1156  1299
1894  1874
1246  1122
1405  489
271  807
147  1460
1934  1906
680  914
751  1051
1385  420
34  1093
145  1697
71  1004
1975  1049
446  156
1154  217
1566  1452
1566  247
1907  1767
1524  850
1692  1698
1079  1517
616  340
1404  1472
1380  127
1456  422
508  1234
925  1298
909  1374
578  1816
38  930
1308  1293
849  1429
402  1420
1201  587
147  1664
1993  114
1513  93
1858  33
708  1603
471  332
1386  248
1510  1032
1495  777
673  1262
349  1154
828  252
318  1567
872  991
1084  1228
741  1932
985  458
999  1719
547  1324
108  969
1901  658
438  1741
1132  430
1929  420
1696  126
1059  1057
1609  767
1811  513
1482  1029
1739  611
1682  735
699  163
325  1008
1439  266
1824  407
679  17
1416  619
692  1760
1912  607
1054  989
265  930
360  582
1442  951
786  115
1188  968
46  161
868  1470
845  850
498  1556
1781  1305
559  765
309  1423
307  1579
1222  1682
1317  1385
432  1912
1256  728
1564  801
1986  1347
1163  177
1934  88
1506  667
1360  1059
310  565
1880  843
132  933
438  1933
1626  991
1506  1840
1642  1578
1483  1749
1335  1012
617  1403
1985  1657
55  1458
1135  1176
1379  268
457  1670
507  1511
1993  1741
123  1495
1086  833
1759  964
1868  980
1885  151
701  86
933  1283
1801  788
979  831
737  1918
93  895
1977  1737
1858  331
1543  1077
98  1784
1703  1150
1008  713
1172  1496
1193  1051
1543  601
135  138
1705  1958
1083  137
1336  510
1220  342
1565  1046
1751  1441
31  1017
285  1907
1817  1949
42  1208
151  1861
593  1646
1532  578
231  100
1131  289
173  5
1259  1214
1033  1228
1357  1077
1448  312
1637  1735
1810  952
1699  945
996  36
434  1597
755  1790
659  1296
98  1300
1478  1740
1019  1979
1742  1136
952  48
1177  571
1151  1218
1692  1404
1061  384
1256  1245
1765  159
268  1660
1752  226
739  1790
1435  1952
744  74
1537  1800
1018  1809
610  1302
86  894
1028  506
1098  597
1650  1295
1976  462
62  1768
1172  1574
1595  1678
1511  1666
243  368
1367  1716
913  1132
699  317
267  1178
702  1037
1735  8
1216  1737
1612  508
408  1507
1038  1144
1968  539
1996  1437
620  383
11  1804
127  905
90  109
1198  1108
561  746
1496  70
1944  1107
297  1874
1451  1140
441  715
726  1091
893  384
507  1651
761  1311
1306  533
1762  2
283  1452
1986  969
1607  1576
634  543
447  797
65  596
765  416
1232  457
960  1284
563  13
783  1217
979  81
945  1693
1664  22
290  140
796  286
529  961
798  210
1350  547
459  52
1413  763
35  1114
1370  832
1726  382
240  408
164  563
1732  874
1515  421
292  911
153  1675
1674  1891
1149  745
1725  1985
1018  1913
668  659
861  638
1526  1023
1990  1321
1573  574
172  1423
1130  1601
1428  1598
1638  159
1674  1929
1481  276
1328  1035
1171  1320
1503  616
1386  1768
1981  1287
444  1709
1033  1542
1126  1994
1767  1883
913  1015
1905  1929
656  1798
781  383
681  1201
687  129
1510  1305
664  1221
1317  1965
323  971
1632  1482
698  680
931  406
1277  109
1501  381
1304  524
258  1113
1541  938
549  2000
625  1805
1662  1026
557  1832
777  992
447  598
1331  256
944  1052
1363  699
1497  1456
1595  116
475  1083
849  428
185  1489
1027  1794
29  347
1223  1303
563  262
115  1139
674  1420
1844  1751
399  207
508  1118
1467  911
1140  1183
944  656
1026  1340
1984  1059
1843  1166
1620  1529
180  733
266  31
1862  1174
34  1594
1206  276
932  1735
553  1427
830  879
1659  517
1244  1480
1177  505
7  925
695  1732
187  159
1367  166
1796  657
642  403
794  1030
1036  1051
633  911
82  1771
845  1544
1917  1155
1607  1202
1239  1449
1047  1778
1217  327
1418  411
489  650
823  1143
335  913
1670  1046
1664  604
706  68
618  1125
692  12
171  1969
1915  1513
855  1391
562  1346
1812  932
680  1819
933  6
1388  1398
555  932
1068  517
386  859
1421  1647
1210  1825
16  813
453  1736
1529  1657
330  573
1917  359
614  1681
730  770
308  1959
395  1106
842  385
1661  1801
969  910
1568  114
133  651
1051  1859
450  1349
157  906
1577  764
1351  976
92  1830
675  60
1187  1082
1575  55
1447  292
1144  646
518  1442
1741  1057
1576  37
1846  394
408  1145
182  693
1408  789
370  376
1249  1704
1931  880
1749  186
156  437
576  1496
629  1680
188  469
703  1537
171  1317
892  41
1601  758
1973  434
395  1770
1149  1884
398  1055
1529  1005
493  1296
1612  939
968  1861
1791  471
382  1784
33  596
1425  1103
218  1590
299  509
861  306
1462  52
33  172
303  1738
81  602
1763  1976
1462  1844
588  1605
712  1203
855  910
1023  206
313  1269
1665  385
308  1989
126  1126
876  510
1682  94
317  1451
37  1967
986  1147
1259  980
214  266
1778  586
1136  1906
642  844
1794  387
1036  737
1083  931
1133  1418
1707  1370
1728  1962
1421  283
266  622
274  318
711  809
557  157
140  49
1666  1332
1603  1629
1790  1207
150  1104
629  1814
853  1940
1236  1702
213  599
1793  1144
1469  1467
1972  85
1908  479
146  1194
14  722
1859  1048
449  1675
1600  1384
425  1034
1305  256
1272  1653
831  1420
1768  16
810  1162
72  1528
1182  334
1156  489
1122  1318
1028  817
1492  1919
1561  1151
1661  108
563  129
1584  962
1264  1852
1191  9
14  532
964  1111
1743  490
1940  520
946  217
1824  1753
1961  147
349  1196
778  1794
294  249
1275  1508
1861  1602
475  688
1180  421
1141  1041
1136  1965
1706  43
505  1098
158  1008
329  1937
872  296
32  0
1381  582
1522  437
1736  1468
687  279
947  412
113  1893
267  392
1017  847
65  1780
789  448
27  342
981  1536
1404  876
753  1657
1333  712
1787  483
1822  406
892  157
1767  1075
1526  1448
1627  1884
596  265
1954  1360
1398  354
152  656
422  1290
1580  1450
1751  275
426  602
1533  1761
1668  27
1470  110
1980  592
1416  1316
429  549
1747  1405
1971  201
1428  615
121  934
1170  348
725  364
1522  2
194  914
101  443
877  1233
956  454
519  746
768  534
151  287
1860  490
1041  187
174  248
1626  1313
1874  1926
1469  1738
529  1929
243  1705
869  1154
1337  1967
24  1363
1914  690
737  230
1457  543
256  682
138  388
915  142
1809  1162
811  849
349  166
517  453
1223  1549
259  1590
1502  1958
577  1615
167  374
1493  1729
1510  1777
87  1043
799  145
1580  1364
431  550
657  1637
653  1568
983  477
580  101
1038  577
1579  1454
1598  1214
1845  849
651  416
97  1467
810  72
1936  716
775  1551
1658  382
1741  1327
977  30
1405  392
19  357
1055  348
584  1442
283  1081
693  995
176  706
404  1140
1594  1546
1783  716
227  713
894  1876
340  753
196  1208
230  1139
778  102
224  1228
1094  1437
386  1664
1816  1961
380  54
797  1499
650  725
120  1615
1429  1898
546  1140
1766  1866
1027  300
1443  1107
743  902
1507  396
478  1584
1668  1390
1170  511
1531  552
1191  1333
1309  924
91  1994
1565  686
1758  1320
1802  1974
1585  976
1386  564
1582  1750
637  670
1487  1095
707  1488
1007  138
722  397
679  1864
1971  1533
1769  1010
1349  1132
1288  73
443  1344
1259  1064
1583  47
282  1974
718  805
281  135
1381  215
237  1613
145  1703
183  946
1093  86
1437  1025
763  404
200  678
769  998
1320  373
702  467
1335  1672
1188  1381
1270  551
1301  1545
1342  282
1423  571
1159  993
845  1567
1745  81
1612  370
1112  1187
172  1336
323  630
403  523
1063  353
938  753
911  890
1060  1997
862  1989
805  1971
216  948
1678  484
1224  1656
1261  1273
890  1968
751  1002
8  773
1869  483
1293  923
476  1728
1824  1842
311  967
752  1476
1266  819
1418  1720
1566  608
1430  167
712  1458
310  1067
1832  210
610  1334
1047  1558
1317  1229
110  457
608  823
1359  1414
7  280
60  1633
1921  855
1073  1229
20  1833
1282  496
1479  1728
318  1295
1325  897
376  689
713  613
1988  1862
1322  1690
1054  678
596  1732
1072  1821
231  783
145  1209
1869  288
1094  783
747  1476
1839  1839
1553  1504
1597  544
540  1280
156  1566
1639  1666
850  1535
211  171
849  1219
1439  1278
240  1951
1315  1607
431  1750
739  1691
1082  1621
1794  139
1980  1749
852  216
883  334
1932  1640
1080  1362
989  764
1832  1325
1347  1124
24  1972
1573  936
1280  1868
1672  1959
1916  1951
1521  1724
1483  1099
571  737
188  533
412  858
979  1314
1611  634
1350  923
266  1244
1625  63
1187  421
1619  983
1831  1872
804  817
1670  739
762  510
161  1097
1041  779
1770  902
98  1955
19  1503
290  1117
1274  1435
725  63
80  569
300  655
926  1486
439  442
1685  920
798  1481
221  732
1529  1509
1941  572
1655  143
1815  1779
99  1681
843  1043
1117  612
37  89
849  1967
581  952
121  835
1916  901
486  1859
663  1497
1641  1368
548  1289
481  913
765  1035
1156  533
1407  646
187  1399
885  709
1062  1169
797  23
490  963
902  1990
642  1268
1934  1078
1918  210
1833  1514
562  1834
1909  298
541  83
1745  786
1992  1819
599  213
1145  1849
1884  573
905  1269
357  1375
1108  421
1498  981
1381  1485
622  827
231  420
637  886
908  138
1543  1799
1277  1855
141  379
470  1741
1498  1182
377  969
131  1503
988  1380
1295  915
1954  1211
608  1134
387  464
1315  842
1726  1689
1268  673
1223  1800
1144  514
796  1109
50  785
67  1018
1474  1161
753  1082
640  152
866  623
1081  814
31  488
97  794
1154  1014
891  1438
206  1924
730  37
324  1426
702  1621
152  1292
534  1778
1334  1602
1764  1397
41  1992
1955  1296
1411  554
1426  1832
1341  1348
1614  281
284  1243
1839  1267
1420  680
1077  1522
474  99
887  345
206  493
378  416
774  1440
601  717
1717  1724
571  1229
1895  711
1839  1122
1507  788
88  1809
123  1765
1217  1059
833  1705
721  1447
517  187
1490  726
830  100
1969  349
1910  851
1356  1935
1587  844
1815  914
600  1332
849  441
1145  703
986  1540
1357  1660
1230  956
598  608
835  1878
1137  778
1668  682
702  1358
1196  561
39  844
663  643
1677  1523
985  851
1501  922
189  1035
1777  852
76  1887
850  1006
767  1324
1916  298
1160  1165
1984  706
1648  941
654  1806
555  394
793  1738
385  66
200  1714
242  355
1858  1916
1090  618
983  0
1902  1559
1126  1610
645  1009
152  1855
1428  1927
1406  1883
1338  628
166  1481
1358  1116
762  478
1954  1027
606  413
1351  1853
354  1742
1161  761
1690  1424
226  1890
1538  421
400  253
393  591
496  96
1594  571
395  1528
715  1613
223  868
819  1328
1240  448
1504  696
1904  86
214  1564
1366  453
1731  885
182  569
0  735
532  1874
1809  667
1327  1182
1874  1741
482  1163
1031  473
186  902
955  392
1353  592
944  716
1766  582
188  1722
1320  176
1359  1789
484  725
1707  1997
1736  1597
234  805
1513  1110
1409  695
1867  272
1569  408
1818  435
919  1176
591  128
615  633
1458  178
1608  1971
1342  858
522  250
1880  313
1800  978
1354  1100
1901  533
844  1836
674  1179
1715  297
770  1090
1092  78
1141  1222
1920  1613
1465  1609
357  76
171  1415
1960  855
637  565
789  220
347  1739
1655  507
1450  1263
1196  783
798  1208
245  1965
1112  1905
366  470
1062  383
1157  903
497  1230
1124  1179
840  450
160  1301
939  6
427  482
1374  714
797  427
1873  995
458  1432
339  1228
1287  241
498  1000
1676  835
402  893
577  1546
451  1729
607  1272
182  194
1866  839
1765  810
1030  1971
1292  1221
78  1906
369  642
1921  793
1941  1241
630  923
1246  895
1899  1049
608  1619
1799  614
122  1256
899  1914
328  499
494  1197
137  1644
375  1116
557  1484
566  641
425  1139
927  1696
230  846
590  904
1706  1304
854  1607
1307  849
647  255
1572  1252
841  135
1110  152
1723  984
1025  1011
1946  178
854  1633
1778  1063
650  1924
1820  984
1608  1333
66  1263
1654  1185
799  1982
1582  393
840  917
69  1630
1394  642
464  865
486  754
217  514
1633  340
722  72
452  1144
1235  1096
760  975
1039  548
500  158
1139  1071
1270  1456
1278  1020
1494  812
1549  1069
1502  454
1459  471
1680  605
1291  55
1776  1936
1351  717
640  651
1781  730
1705  213
659  548
903  1834
1820  607
1186  805
1396  1530
512  1612
665  857
629  1796
1922  113
1854  739
2  1077
1649  1146
893  692
1389  426
1740  1413
1168  1031
1009  729
1104  80
85  206
388  1147
1154  634
213  1636
724  1479
764  1177
1330  1520
390  102
626  853
1645  1195
306  1977
86  1429
788  1925
668  778
98  1614
109  545
47  1136
355  685
1774  0
716  1620
1004  823
1302  1858
1559  1101
409  1744
1918  525
940  138
1215  536
1741  1224
334  1255
1991  414
250  88
1853  803
530  1769
1902  1873
446  258
1895  407
1810  1012
1479  1885
1213  1127
1721  867
1319  846
1367  1597
1590  855
1629  1742
934  20
990  690
1134  528
1051  978
1175  121
1977  1799
550  156
722  834
245  72
649  144
874  607
276  1857
269  456
935  13
1982  1049
1366  1790
464  958
1609  525
1333  1204
1627  1172
1269  1480
1959  1470
208  816
1730  310
348  981
1786  76
839  1662
1627  454
1237  568
1958  46
1864  804
1080  1382
723  860
927  1627
1931  815
1593  1067
1987  1146
1736  0
1193  1860
365  783
170  876
27  316
1702  1170
1225  1332
1159  1785
516  634
683  655
1938  157
739  985
680  655
1042  1958
65  960
484  11
1085  871
1541  1513
171  1404
740  280
1642  1431
766  888
1927  1748
679  672
631  1511
1989  1834
1393  221
309  753
260  1876
1851  1511
1199  1213
307  1791
1171  645
807  1619
731  877
1855  308
1608  1943
919  1610
1444  882
1968  978
395  1063
150  17
696  1573
859  1805
1355  964
598  418
1039  1447
375  1956
393  770
1772  701
443  1202
1971  630
1081  1131
490  532
878  1904
513  1139
533  706
1981  739
952  1391
547  212
1838  391
1170  1306
1292  23
1138  1662
175  1387
486  1032
1071  539
11  1595
55  792
372  1375
949  1139
4  736
567  1643
1762  763
592  1393
1514  444
73  473
1872  145
1999  312
1082  940
1829  350
274  777
1912  849
759  483
783  693
28  1059
362  600
881  1700
1514  992
1453  428
1133  1795
1922  1544
924  1803
1724  465
1160  316
1688  737
19  1234
262  1313
211  1441
365  1050
1314  1160
1816  399
440  401
167  1402
961  646
1165  1647
1655  1461
158  1908
803  1207
107  693
288  1035
1789  817
943  1076
507  1911
1410  926
456  1841
978  366
766  658
1009  1379
883  1569
1460  1110
649  1085
413  697
585  6
1975  1231
383  1583
1332  859
1888  1112
377  778
1087  1880
1598  418
1302  1222
337  415
695  438
1262  948
25  1319
328  1293
1512  1429
207  1778
402  1493
298  278
127  1182
1247  1011
1565  1591
955  1109
741  208
623  129
260  1524
178  516
446  1624
1244  1918
493  534
604  1375
731  420
701  542
880  1325
374  1161
1262  1002
1750  917
1678  1906
923  19
162  1867
1821  567
1663  56
825  328
42  1273
1051  92
1608  1994
1537  62
1823  680
1244  1881
1349  512
520  848
726  80
1279  704
1424  981
1960  146
1494  905
1149  92
1837  35
323  303
202  1879
1634  726
148  1247
1091  1662
1179  1945
111  1802
1809  1242
8  282
1750  1277
383  1171
620  1393
1038  1902
933  406
1127  308
679  1893
952  110
258  398
1627  22
425  1013
1605  649
444  352
1151  502
1454  1980
287  1060
1074  926
863  1075
1344  1609
757  1219
1690  641
751  710
225  1930
1513  343
624  118
907  23
1501  54
541  321
1003  1800
820  354
846  1717
996  1801
1940  610
497  1428
1558  1031
1875  963
1441  341
702  1116
1614  571
1607  1182
1276  573
1340  1992
775  72
257  1210
1121  1174
148  166
1593  1997
1211  1001
1680  1341
928  355
1504  579
742  1220
1316  927
924  1954
673  164
1501  1889
569  1737
963  732
123  563
1883  1725
1872  194
1348  1004
142  1229
1645  356
665  456
55  1772
661  842
1662  747
1332  940
1232  675
1271  1721
1411  1243
1171  1399
1720  1421
1684  191
1972  318
1945  822
1860  1654
1597  1396
1763  277
788  526
954  1282
1531  1561
1587  1993
346  1569
1418  669
1878  1675
1417  208
897  1066
1696  53
1097  669
1062  392
1994  348
935  924
1370  1606
1215  181
1954  763
1307  1693
267  744
1894  723
848  1826
336  1190
1236  1412
1073  29
1332  893
505  1405
1079  1438
1677  225
605  356
1248  674
1812  395
1109  923
655  1057
270  1662
110  539
88  1776
1410  1178
1144  1770
1301  1331
1902  1176
858  591
551  818
1961  930
1603  972
366  958
307  727
343  1893
1220  679
1089  560
1725  1930
1316  995
57  576
1370  678
1903  854
69  666
1852  505
1900  515
1167  370
1784  107
1530  1117
1513  1008
1809  956
655  468
268  341
1721  253
718  883
977  40
1537  1576
1948  134
1973  1740
274  414
714  1557
1120  1031
960  821
625  1854
576  907
1552  1165
412  25
1015  1732
1645  1026
589  1805
362  1236
440  842
865  1696
83  1132
539  1015
1175  86
1590  763
271  1378
1742  569
763  576
1897  554
1679  1476
509  1933
1443  66
576  1252
611  547
1714  1294
169  837
159  1797
1891  108
1192  768
1755  1677
1701  298
930  42
563  953
596  747
792  1209
242  1175
640  439
1317  1786
912  1556
597  310
1595  609
1030  427
1049  784
1395  133
1805  1052
1255  1356
872  1817
592  1676
1115  1344
405  1312
417  86
1675  382
900  997
1107  430
279  304
1500  9
1964  184
110  1116
1405  741
1355  1918
1054  687
1693  204
735  1866
1879  47
1787  1621
913  771
571  1964
1071  494
1761  1594
673  227
1270  1482
1673  1922
471  144
686  761
1128  5
962  982
1277  984
332  1632
1380  210
1470  1922
201  179
326  1866
647  591
75  1028
1599  1509
709  321
376  1375
1597  741
887  918
471  1862
142  580
145  602
1616  1559
1341  1361
679  1222
151  1498
276  815
1622  877
1796  1716
873  41
154  1291
98  1222
168  1153
1464  724
471  866
44  1824
707  1072
1342  169
888  1962
1460  701
1296  245
1644  1765
1833  1428
33  1997
1631  1896
1758  228
399  1235
1191  616
1114  407
1192  61
1956  147
1614  228
1143  458
389  1032
1072  617
740  335
1271  397
851  1636
1003  1998
916  107
1900  1922
1939  1907
338  1048
413  134
1756  14
556  1813
592  1350
1363  641
306  1862
110  1883
1244  1033
730  1476
200  117
513  1648
891  963
377  1136
1496  1931
1279  416
1899  559
555  1252
121  1165
484  660
1302  348
1486  993
463  1275
1851  58
787  21
1155  259
1311  176
1009  1914
1780  1114
1793  243
1937  1626
375  638
1180  854
1994  907
401  996
1621  1417
29  1437
870  1119
1516  398
542  694
548  12
838  742
1091  891
571  1009
494  1144
617  702
162  418
735  1812
854  1140
609  1300
986  544
1985  1156
1908  1482
1032  1676
447  1610
1115  1636
1099  1452
786  1025
1454  178
643  1698
398  1752
684  126
432  348
580  820
1304  1141
1912  1600
1756  528
1222  1645
1422  670
278  1770
982  1525
1506  1244
1727  1577
1384  985
1020  451
685  154
852  1017
1957  1588
1135  1980
1943  1915
1182  1891
1916  1826
1991  663
1851  405
1648  1806
1057  1659
500  71
863  1251
606  1853
1350  1889
345  1144
947  784
312  580
133  1285
1822  251
1596  1318
1616  560
1309  1217
786  3
194  996
1136  1323
1342  1344
1651  47
347  1096
188  971
1740  431
1270  1081
1659  1885
636  90
838  1410
1603  1310
1779  1349
156  940
1833  336
1670  510
130  202
254  464
758  186
1009  1512
318  1164
621  1423
435  278
803  1620
1682  533
1716  655
1055  909
1541  373
1908  515
499  247
642  1677
1046  1452
1434  851
1585  19
660  1392
486  1805
694  648
884  966
1321  152
987  1972
1339  32
715  1984
1701  1299
563  590
49  65
412  1651
1921  1540
100  1482
1631  1807
1203  1363
1323  1435
1084  1587
1505  1465
1003  66
262  401
1223  700
1847  459
883  640
1853  987
1785  1699
1510  442
43  1439
1416  457
715  1477
1944  1935
1985  1013
593  822
515  1056
1690  915
1617  1253
1289  922
62  1402
1416  955
866  424
692  1868
866  1713
567  1480
474  1058
1348  144
1570  1683
1708  1940
1698  401
586  461
1029  549
900  1653
1600  1298
1712  1369
77  91
1598  726
1523  1985
241  885
1370  1020
1323  1737
1770  1091
1622  1303
1555  703
1557  468
1632  1658
782  1708
1992  983
269  1467
1259  177
7  1767
30  1587
1319  570
574  1352
1414  855
755  1084
428  574
158  833
40  345
796  700
525  24
509  681
647  1646
1910  941
1678  952
35  233
1101  1182
646  1771
947  1023
1143  5
832  1161
1416  36
1978  1227
66  1511
255  1550
211  313
655  891
184  898
1652  1936
1313  731
862  567
483  1378
938  1978
464  1714
1298  736
990  1425
1615  740
1139  34
951  243
1842  341
338  1399
892  1543
1615  920
546  793
1968  572
619  1562
968  1423
550  1891
1452  1060
805  296
1034  326
448  1931
804  798
44  895
1164  1659
1480  1582
1742  577
427  473
1114  1158
1107  544
1009  937
1415  454
46  1254
1807  602
588  1866
363  1116
1907  1975
1967  299
390  1984
1699  1547
110  1737
218  1598
1420  430
1538  924
1414  329
109  1043
780  659
308  539
886  565
1758  306
317  175
1509  1576
935  738
391  1768
948  641
1734  391
651  1432
271  1592
121  966
494  977
1417  1670
458  1351
346  1801
1474  1846
552  188
43  61
474  226
366  1581
1902  1463
1516  1693
356  176
753  282
1642  1702
1787  1356
1699  1482
270  1676
724  870
939  998
617  473
636  51
1235  1295
1069  1153
797  1835
703  404
397  1768
839  236
1704  227
31  731
1081  756
1708  614
615  1256
1630  836
1089  969
147  667
164  548
421  743
203  965
1062  1126
648  121
1747  1311
1676  618
317  380
1315  290
1795  993
1454  825
1370  1848
1355  1512
1695  943
1573  1587
1993  1479
653  1571
126  1346
1329  220
372  1531
626  358
1367  1183
1101  1069
1828  1654
1382  1799
670  708
1329  1599
1140  666
930  1306
455  1773
1279  1867
525  232
939  924
1272  1939
0  97
1128  1022
1269  1571
288  569
676  1684
592  617
1784  258
1536  291
886  580
1026  474
1967  442
1311  1158
1024  1917
207  1381
1304  1656
1657  151
1981  116
487  1758
1049  924
1895  845
1620  597
1894  1257
579  418
858  816
725  2
1206  237
1713  1061
810  96
1765  597
1947  990
1841  763
1285  219
882  1075
367  1370
360  1464
118  1787
232  1143
1843  1760
512  1595
1629  408
1591  1836
778  1599
1753  583
1060  35
385  1405
1573  443
630  1000
429  946
308  1597
1153  1608
1093  446
1171  1014
1756  1067
1662  1272
799  250
1584  421
825  1249
711  902
411  667
540  1159
580  1311
857  838
756  727
1047  649
1829  128
484  1158
612  895
982  1356
1919  1231
104  1426
968  1681
1993  1448
511  561
1172  1230
54  1721
279  528
237  526
496  1386
1314  1167
217  1328
1610  1932
585  846
742  597
771  1500
385  1866
1213  31
1816  1007
115  418
361  784
480  776
1596  995
500  549
1573  1574
1645  1808
1490  1723
1994  1044
1515  1812
1250  1220
1738  1127
1891  1527
268  1518
1728  1549
1436  1894
1844  858
700  1895
325  1947
631  1878
1967  1458
309  1069
1293  1845
826  961
513  1429
1061  1266
1129  1350
967  969
1397  1665
1378  352
503  1777
194  451
326  1892
699  1271
620  1745
167  1876
183  1991
1623  1253
1331  196
397  1314
1357  1515
481  492
439  78
1464  380
963  273
574  1015
324  39
50  1426
109  478
1590  476
869  998
1073  802
1413  1007
1914  1836
298  1819
1407  751
1974  1119
238  561
1237  818
1124  1861
1972  637
1039  644
1710  1499
1580  881
1551  145
1824  1683
337  1656
1539  64
808  1086
1969  1577
1291  492
778  1152
1113  896
475  14
508  1140
831  1876
1228  976
300  1953
1202  374
1640  7
191  870
1156  1328
209  118
992  1874
1699  1473
1797  934
280  1355
562  898
19  412
1584  1187
1237  953
1033  1932
204  557
80  311
1454  793
1822  917
529  420
416  1922
381  945
89  1808
368  1244
1643  216
863  675
115  1573
1629  1339
903  967
1679  725
395  1060
1921  701
1065  1291
1309  1832
1424  1160
62  893
270  4
1092  921
1583  1503
1138  927
319  83
895  1564
73  1609
921  720
969  170
646  1862
428  1500
1553  1267
553  42
743  378
1855  1301
1734  1870
837  313
551  1487
1029  63
1661  1451
814  447
1785  6
712  1876
764  1164
1000  1727
192  490
1034  1329
202  1093
816  1632
509  1150
1256  704
652  915
950  1170
1120  797
121  1340
1375  1817
595  915
1676  361
1601  148
1692  103
1684  1298
1260  1594
1253  1896
1330  1561
374  1698
1874  1585
608  1569
1333  698
1211  1308
20  542
1245  905
1351  854
1793  1019
344  423
1763  1146
1465  668
1964  1052
1278  201
1214  1548
938  349
1791  1502
1574  1535
300  228
790  1212
584  221
1430  332
217  222
329  1713
624  167
327  15
1573  1408
347  1753
334  456
30  1350
561  29
1136  1518
1561  609
1227  842
1139  1753
1731  1783
319  1182
661  302
840  1443
707  142
145  31
11  1690
356  1545
1211  1185
1548  1497
1356  1676
1327  858
466  481
64  1264
938  1068
1620  1108
1771  1979
159  622
1415  720
562  58
960  1724
1902  272
537  1324
742  1478
291  376
1234  1176
1510  1357
710  389
1013  731
1164  90
1637  1524
1721  1773
607  1648
896  628
1470  1547
336  9
57  1669
247  175
1892  432
774  170
206  1504
452  1252
578  1953
314  373
359  156
1218  1760
1717  1778
24  1247
1283  1435
1691  1336
993  456
1483  398
1547  1908
1662  412
423  790
176  219
776  551
1901  1824
822  1990
451  264
388  1606
1477  856
701  190
607  868
1047  830
1295  1212
316  1252
605  152
628  1858
896  491
1244  463
577  1722
662  259
9  1075
1259  203
1523  558
1481  285
378  161
149  615
1540  1519
1633  190
1991  704
692  1653
1972  177
1472  537
122  1332
1459  14
1488  1959
1112  92
696  577
1396  1190
508  1186
1094  1928
528  1359
1106  559
1770  1455
1981  252
1016  1276
1701  1671
1782  459
366  91
677  1631
1630  978
999  1048
1541  341
253  581
1290  749
263  576
1436  1349
894  668
862  273
804  251
452  1303
434  1712
1631  169
1760  1325
1656  459
1095  568
553  1875
1552  1271
1881  1174
1266  336
266  1526
1997  1834
1919  455
899  694
1586  367
831  1855
1296  1567
860  494
1109  664
1438  583
1024  202
928  118
73  1576
725  1291
1752  1966
865  292
458  17
1258  394
939  822
523  6
746  531
1047  895
1387  1300
1790  112
692  1044
633  1918
1033  1273
350  934
1389  131
1539  208
1554  1240
1313  638
1697  218
74  1813
41  1641
1133  1689
484  73
557  1526
917  780
1120  1725
496  1928
460  1054
1347  1769
1139  774
1365  1799
6  1407
1624  1990
1967  1736
1643  1367
1521  943
774  1636
25  1547
1271  1587
1529  466
615  1307
1358  704
1658  1583
558  60
797  598
1707  1693
1300  1022
343  1229
1724  734
523  41
1726  1196
810  378
924  599
1155  1228
1444  1240
1892  1627
806  1185
1662  1953
1889  626
1117  256
1698  509
1024  775
1010  350
131  1026
262  1667
991  1967
1805  1837
1310  163
502  719
695  125
974  1263
1982  1785
1298  1146
1510  330
1978  1018
270  1988
1193  206
1494  990
1492  1646
185  1776
1188  788
872  81
681  1684
1579  767
94  840
739  901
72  589
1167  1184
203  444
1262  1519
1053  802
1371  1182
95  1557
1683  1199
623  383
1856  729
867  32
268  244
106  122
1925  1307
11  586
1501  1489
366  1052
1217  1302
334  674
627  733
415  869
1579  340
154  1794
806  1901
692  208
1761  1233
1991  551
844  164
1524  993
1308  566
655  45
1550  1570
985  1564
852  501
1910  62
1330  271
1348  1846
1923  481
75  925
223  1332
1283  1948
1367  527
325  166
1472  1307
951  1187
1480  1113
1932  1932
410  458
744  1005
251  167
36  51
1509  1249
703  1052
1188  1391
438  1291
440  826
1783  89
870  1656
198  1186
313  406
1215  1180
414  1375
1559  1467
324  1443
463  980
1725  7
490  1233
1867  56
428  838
892  633
518  1300
986  172
1493  1197
53  1123
779  659
853  1670
60  1426
175  101
1836  619
197  221
913  733
1960  1228
29  1160
416  73
411  664
1430  330
1775  1310
1558  348
1242  931
902  786
796  273
902  1180
655  854
992  142
1729  1142
909  136
1393  624
1296  1282
890  1381
508  721
1629  53
1195  779
1860  1472
1627  44
418  791
1205  581
982  553
1076  917
1780  1909
430  1987
1580  99
1900  1496
303  670
1123  1459
1315  978
842  1361
83  1008
1846  194
538  404
1338  57
529  1599
1165  1953
323  356
444  800
1674  605
733  1949
165  1205
1862  80
1031  1382
1002  1561
1676  1824
512  849
1956  287
250  1703
1592  1296
1631  64
1855  309
513  1854
1869  1553
1667  1333
1393  1923
1461  1363
1173  579
1441  157
1509  1173
1213  1995
1738  244
1421  1650
5  61
333  604
170  1445
214  1114
1681  990
399  264
233  184
767  1083
770  1469
211  1220
1906  965
1765  1583
1780  1633
1017  852
191  1928
1118  287
854  1707
1365  1704
109  1713
1341  1714
1417  469
1280  128
1961  912
1639  517
1535  1892
712  1398
1280  1491
1433  491
194  473
1498  1932
1414  169
332  948
702  1783
1267  330
1245  777
1851  14
124  244
964  175
1368  391
1933  1751
644  1006
1638  872
1137  724
1392  1729
623  1987
1592  1088
918  369
1964  1954
1418  1812
1966  869
152  344
1602  184
792  1678
191  430
566  1197
1228  20
1852  362
965  425
1709  364
250  175
1398  1829
923  319
773  1387
1192  1070
443  964
673  1635
1131  874
968  324
261  212
35  132
632  1816
466  596
1033  937
1475  1960
1777  1564
833  1046
82  1317
1034  159
515  1421
1774  1704
500  514
1773  165
446  815
1354  1743
212  1479
817  255
1534  50
677  107
149  1812
695  1087
1009  532
1129  64
594  1975
1701  478
1895  1244
61  1603
1435  1143
1123  1571
1168  33
154  1780
1576  971
1971  1415
1223  1622
1699  1343
365  725
809  1470
1642  1022
1449  442
1536  1901
647  1470
1308  1898
997  1165
284  952
1960  931
1070  1325
1737  1932
1682  593
1196  509
975  1532
1087  1008
99  639
1588  377
627  721
350  828
1337  782
1570  1978
1555  64
1785  675
1663  718
1280  1950
597  1037
1301  1583
1663  647
1604  1881
681  1651
1843  1179
1603  1812
957  196
1170  1176
912  1480
1305  860
1770  1664
1694  514
1534  1663
1477  1889
831  1107
1974  1505
1138  1016
1092  1751
1262  1622
1850  1214
1829  483
924  1443
435  689
1410  1198
1806  364
1430  916
882  821
1558  883
1980  1540
1791  1488
1647  1770
355  1648
698  771
1917  1173
340  565
1221  283
1795  1412
125  1797
1985  223
493  1915
1068  1064
1068  107
1062  700
213  1405
1076  2
1162  1315
815  418
24  1820
1057  374
778  290
1131  695
130  1121
121  1571
1460  521
1791  526
1829  1849
1896  959
776  1273
157  471
406  654
1334  1138
1832  1546
1369  1397
1914  1078
647  1801
329  1321
232  168
355  1764
1278  603
1691  180
413  794
354  416
1534  1724
443  1774
640  1669
640  454
386  1571
1387  323
1790  266
529  1743
670  1968
7  936
791  1748
1516  1979
1968  790
431  1999
202  1519
697  1484
213  1109
1450  1328
40  1623
1647  1050
1352  1780
1330  1260
19  1382
535  1432
1565  1698
1906  1192
67  847
621  56
321  1459
1470  993
550  702
823  316
359  1963
521  1501
1268  20
1608  1849
1508  262
0  396
338  15
622  939
1752  1836
513  103
674  1039
763  590
1817  114
749  143
1851  166
1371  1562
1170  453
29  1030
1202  1113
1878  1746
1847  1462
794  485
133  232
71  181
194  1092
1052  956
96  268
186  972
758  508
996  1852
824  1576
1874  1444
529  405
43  200
1930  1993
1281  1887
1594  381
66  1842
1117  1378
1234  238
1401  1676
1436  1159
145  216
1357  516
592  535
428  628
1153  6
1487  1328
1745  635
848  935
942  417
199  1083
700  398
907  1596
46  33
365  1773
298  11
800  1046
1312  461
376  31
508  100
1043  1388
146  1285
1657  950
1687  178
1054  1795
1640  1454
215  1676
38  405
327  1693
260  870
1861  128
1805  1078
1012  878
32  1662
1034  554
821  1282
216  1974
593  1555
1919  1742
1269  918
1750  737
1791  1605
1232  655
431  878
355  55
565  1432
596  1884
406  196
1767  239
753  1984
233  1844
1922  1092
1363  1911
1471  1519
32  312
1270  1433
1777  1054
1950  1786
216  1939
144  912
795  26
854  1133
433  198
1624  1992
1669  930
1554  1053
1707  1258
1574  1496
1273  1997
362  369
1954  191
661  1822
366  848
836  1833
212  1859
1744  1515
894  349
192  838
1596  1873
118  1084
1334  1641
926  578
34  839
1312  626
1835  1914
818  1768
1164  1082
1254  549
510  1030
136  792
1174  1378
128  1858
1682  938
292  1580
1639  1469
1685  1190
826  1467
704  405
851  1335
277  1613
518  361
1254  1105
1961  1388
1754  1402
916  1666
1415  1621
1625  1909
643  1911
1841  857
610  1667
1039  1544
1647  1322
319  1581
342  1391
1199  768
81  1256
696  1378
929  1518
1287  709
221  1620
363  965
36  1312
716  103
1791  510
672  1718
1235  1984
395  1335
1744  783
244  0
1521  1249
798  328
1767  869
1831  1346
37  450
43  362
1641  1739
1586  350
343  814
316  1883
1135  1596
375  1032
1623  883
222  1740
622  488
762  267
1520  1548
1085  1055
1784  1320
1909  1123
351  823
1301  1053
1938  58
1916  751
1044  1288
1823  1020
1572  1554
1957  485
901  1273
929  36
498  1837
1087  1692
1444  1319
122  697
1376  496
1175  564
747  1990
1951  1313
1949  1977
1570  909
789  4
1994  1263
131  1391
850  1813
519  856
1052  1712
522  1827
21  267
984  252
159  1134
1493  1487
767  1043
1657  1942
612  1058
1111  1782
1977  974
185  1326
597  496
929  274
1171  601
552  494
1598  1315
453  68
1848  1303
359  731
623  1849
258  579
1222  370
1344  1531
32  453
1666  1137
591  1982
1202  1645
270  1809
12  1401
512  202
443  948
1013  1558
1124  772
1211  717
1321  264
1541  1005
1351  166
907  363
27  919
295  263
198  1483
1248  159
1718  251
931  1336
1553  1212
1425  1032
1309  1414
906  845
852  214
320  1714
1971  614
7  1716
1212  787
271  1793
1186  308
326  1485
570  1058
677  1272
481  499
825  1281
872  1135
744  401
924  1997
939  509
1134  1401
703  676
242  1112
1746  186
938  1213
1606  1756
191  1473
1813  1313
1349  1580
1177  604
504  1607
1888  1734
1927  1362
1402  1292
390  796
966  594
716  911
625  89
1198  1686
1681  247
869  1672
1966  1079
143  944
1296  1382
1125  1320
1148  1915
1078  539
482  947
828  681
615  1878
1471  662
1752  1536
192  828
1339  1062
483  1703
1550  556
1805  1451
1914  676
1500  507
972  387
887  990
158  944
860  3
1294  1345
1142  69
1679  607
1907  1709
1819  757
626  164
1561  1911
70  455
1140  753
843  1645
1935  1812
620  1532
471  884
421  1980
1179  1556
1265  674
1769  576
1955  211
423  127
870  1738
1022  1154
1863  101
163  1661
1335  1685
407  1684
1641  1932
270  1053
1243  868
23  1517
1773  355
711  673
1910  383
1656  1515
1153  1584
207  571
1014  1566
1087  154
1386  1765
1410  1389
203  1235
832  207
890  661
1722  1473
377  1776
1830  1392
1995  365
1078  1905
1067  782
1293  569
911  1748
1568  1606
1556  246
1261  878
350  1736
1468  1350
526  1229
1029  210
501  1108
1495  1554
1011  928
151  793
938  510
640  1861
1738  1275
533  572
1483  713
482  1066
491  1755
1246  963
142  1385
1283  1112
1902  428
1270  429
455  250
768  111
1480  621
812  1679
919  504
1164  1412
1751  1507
1370  1188
722  1225
986  427
51  557
1555  951
1945  1721
1864  202
155  1133
531  1709
1930  1633
387  1836
616  88
1567  1082
415  723
1623  71
968  605
1592  136
1577  463
1842  1004
1093  1800
1862  1738
602  968
599  881
1722  1235
1972  1530
1086  1295
1423  148
1292  516
1145  1082
514  487
1418  349
1014  763
308  1978
1761  175
1229  1519
1155  1019
1347  192
1234  1891
1484  206
1105  1407
1581  1588
1822  1226
1500  1591
1874  1419
390  398
1117  1946
908  965
1434  1407
677  1721
174  1500
1892  1371
1004  433
1263  372
1887  1715
507  1582
317  195
564  383
1773  1553
484  142
772  1960
1077  1488
514  1088
1077  328
204  1573
1996  453
921  1595
58  1075
189  559
999  242
123  1774
428  1691
432  1598
1282  992
208  1204
708  1589
615  991
428  1204
92  959
431  42
57  986
340  1333
54  461
1516  24
1845  1003
918  319
1300  654
403  1845
992  1852
705  865
1380  875
1726  1191
792  196
986  684
1135  283
877  855
59  182
1513  1626
1601  949
1480  1339
1429  1408
233  219
1565  1374
987  704
328  1934
730  302
1200  1011
1944  1333
1494  449
523  1405
650  477
1955  265
1792  1115
1013  1649
224  1103
1034  282
1349  1896
1258  1854
1978  794
1565  1730
1481  863
350  1212
442  1465
1623  325
418  387
1294  1819
1158  680
1598  1991
820  95
418  1180
1527  1616
838  1178
470  802
1311  1465
1143  1168
981  1647
1792  1833
506  751
502  532
219  1748
1876  798
1430  576
1547  73
1363  672
1917  322
1008  436
1158  1585
197  1436
124  286
1937  1730
444  1704
1026  1540
951  1642
1950  837
370  156
86  990
599  1414
1377  370
1232  615
1947  157
1391  207
331  1178
871  254
1323  298
1190  419
409  203
1972  1630
1269  1795
383  273
1790  354
720  15
437  715
32  1093
325  1398
843  779
487  336
833  175
327  1863
1860  127
190  1461
1587  1581
1791  1604
1411  1
346  1177
1144  77
480  253
1808  1617
716  1705
807  905
1504  1019
231  1807
1141  974
860  1132
1961  911
1986  518
782  1644
891  1128
1191  1708
1384  762
302  1173
1719  1542
1784  552
1606  1989
467  483
718  367
625  1698
389  1948
1816  1216
444  735
1067  1496
108  365
754  23
1648  1965
1891  512
763  641
608  1376
177  1132
325  1716
842  1421
1872  280
292  1109
1429  1216
1791  473
1270  894
1514  1105
844  482
608  1947
1607  16
1477  1854
610  990
812  1126
459  1892
738  146
148  1552
389  1602
1436  1143
1448  1390
280  1596
592  1518
1238  1216
1367  992
64  1376
896  1693
836  1335
1483  484
466  348
441  1430
89  1964
61  545
707  730
660  1340
765  334
1847  1523
1368  1847
1208  1336
1246  696
311  1993
1931  1674
1032  1672
1528  583
1511  1461
787  1391
756  2
1766  176
667  147
351  965
1186  1825
93  1077
468  1511
122  853
1556  395
1663  372
133  1254
1173  1190
1988  1773
1476  1003
1938  580
1508  348
1678  153
1048  595
1212  1269
1179  1200
1345  10
703  511
172  1293
655  1907
872  205
1974  1761
933  1900
464  1161
1764  1902
1602  424
516  1119
235  1878
565  565
1627  382
1575  1405
1264  644
591  1139
353  1194
1616  1297
1511  335
1976  988
1760  1382
408  198
525  1736
1041  1227
1894  1759
1097  197
1047  73
1784  1794
1639  453
599  1683
917  1882
1618  1630
410  1022
1718  905
1325  688
403  855
1997  1175
1153  671
1108  995
1690  1532
1531  19
280  201
1816  645
1716  243
828  584
505  31
692  1321
861  533
262  396
1925  1887
236  780
8  461
1904  48
63  1624
1191  257
733  363
1003  1109
334  1156
632  650
1593  1965
85  1217
1150  324
1326  1327
1098  1876
1216  361
639  1114
340  454
119  98
1698  680
27  729
333  994
1226  843
818  348
1485  491
276  1235
743  950
375  230
21  1104
1800  1266
4  499
24  497
55  1737
1193  39
1576  964
1370  1058
1276  275
122  994
866  829
1738  1326
1091  232
1970  343
1166  1103
1481  534
1772  98
1242  1185
1853  859
536  1972
1502  565
1806  347
1893  949
1632  1622
1245  1398
1718  1829
708  1052
135  752
746  981
174  1898
1748  1257
1468  1691
568  1174
368  1515
1978  448
1061  4
775  1162
270  752
416  1578
0  1883
1445  321
197  470
1796  453
1569  1246
1540  36
59  1898
1545  1579
405  1433
1680  1343
48  965
341  101
326  956
481  250
1363  161
1020  1307
628  1951
771  1790
461  380
1653  1053
1373  1703
289  1516
421  720
1498  994
1645  1944
1943  703
1796  1793
981  1569
896  1200
1764  466
435  1421
429  2
1842  1012
279  1370
925  1836
1686  862
1067  1684
1515  961
1673  1237
836  811
424  1749
100  1334
1432  1176
1049  1448
1484  1486
654  1272
313  1814
1006  1795
1620  79
1898  578
651  1932
297  223
985  511
813  1480
1016  1015
799  129
1683  444
1177  1111
352  354
1938  1111
94  312
1984  262
1217  1259
1516  669
462  571
1081  502
1753  1697
740  560
535  1601
856  1770
847  555
296  996
975  1861
512  914
1456  1798
1806  1229
166  1421
676  94
853  1198
736  12
1960  433
280  1674
618  1974
39  1501
1564  304
1825  669
1669  1657
1682  946
1147  1863
537  577
1839  116
570  1105
1427  662
1024  817
987  1760
1183  349
670  1831
580  805
174  103
1534  1823
175  1305
2000  225
492  1011
432  1443
1316  1367
1734  97
923  197
372  397
1008  1298
1032  419
1806  1363
894  1317
259  1546
1674  329
1486  1432
1070  519
129  545
1278  1714
1146  472
872  1464
1337  1843
355  1356
61  1099
1965  1380
735  76
112  418
1759  597
64  573
1902  720
592  186
1790  209
1734  611
1983  410
1097  860
640  706
813  1053
1905  1843
1727  1253
97  1180
1529  1902
303  1057
1260  1943
381  323
1496  26
1809  517
722  1945
1273  725
1840  491
1636  1847
1915  1843
421  61
1077  1404
1898  1797
129  1627
757  1944
1009  471
1497  1528
955  1553
430  460
707  1621
1383  413
1618  1905
71  124
1064  942
1661  965
1665  896
1534  1548
1729  543
1876  51
1267  1729
1756  1093
1358  1211
1348  489
1026  1438
766  1385
732  1913
1049  821
4  596
703  1697
186  450
301  1982
675  1955
546  321
865  1476
481  490
662  1969
692  8
719  77
418  646
1422  477
756  1822
1873  525
146  1485
1108  589
1134  1646
1089  767
596  318
1469  1545
464  1256
1858  483
1620  1833
1526  36
708  629
1676  1562
1487  1674
358  164
380  916
1875  1203
1644  747
1642  194
1936  1532
958  166
1353  172
1086  1121
387  419
1523  1229
286  158
755  1829
1171  159
1346  503
1370  1104
1477  1865
1867  406
1615  237
795  1342
1519  1317
350  539
386  1830
206  1166
1535  586
816  742
1189  1538
1766  385
816  1326
1581  1135
91  927
218  1591
1922  1761
1832  1530
1200  1091
1404  1990
119  1128
1163  1683
1422  281
732  1611
612  563
1055  456
424  649
1526  1217
1444  1780
1350  940
1904  1781
468  1513
1701  1428
928  405
1454  1725
1584  579
64  1149
686  257
1218  350
597  1918
1332  352
220  200
1532  1443
541  1262
867  314
1707  130
308  1045
1033  977
581  1595
1116  225
1750  54
690  883
576  232
1779  1764
997  1249
744  533
892  1104
575  1985
319  1180
1182  1764
880  609
282  40
1268  106
750  1000
1913  1340
774  1584
1855  1607
138  235
1990  910
1885  655
1709  1573
1881  183
455  924
636  623
902  1699
1860  290
1235  800
1733  1125
1176  979
726  37
669  185
600  1210
1679  360
1731  1148
815  447
959  1561
856  1906
131  726
1404  1180
600  1010
1638  703
976  1519
1443  1937
1788  1612
1422  724
566  1288
1770  1335
1317  1026
1256  1989
957  886
360  185
309  1475
562  48
359  1083
42  207
1036  998
1353  917
1159  619
160  531
396  671
698  178
1334  1984
1692  1050
1912  138
846  1615
1175  1406
395  1280
1246  1306
1597  819
1414  5
1560  1452
809  742
1517  1935
1594  322
420  223
833  286
356  1181
1694  1006
867  60
1327  16
466  265
1238  1045
1075  30
90  1367
1906  477
775  464
1730  267
825  833
912  611
130  363
1791  1283
787  655
1030  491
570  1856
381  1164
867  1548
1372  1020
1693  1957
1950  1138
452  1682
646  180
469  904
1834  446
1915  457
1185  1813
1702  1146
451  1403
515  1155
731  151
1896  1444
1107  1042
317  1464
257  1022
970  913
726  944
1491  1750
1915  1651
1472  683
1774  1804
1948  1695
12  21
1660  1665
217  754
858  450
1420  1065
1933  130
1702  1652
1657  380
228  602
936  1458
894  671
1650  436
1620  222
804  1006
132  1542
337  606
1827  1732
350  1378
594  440
1761  1908
838  1482
1402  1659
712  221
1711  684
713  316
813  778
490  413
1079  1403
515  718
1721  778
693  1562
1887  564
419  1208
760  811
1520  923
855  205
1410  695
468  1428
1312  90
1634  800
602  424
1621  1486
4  1919
1965  1505
1517  546
1640  257
130  115
1012  85
1272  153
1431  1664
1482  1389
1806  999
581  1306
37  1590
466  1353
959  723
679  1525
1433  637
1990  839
1445  1264
867  171
1028  1779
7  476
369  0
121  1038
88  1626
744  1354
128  928
904  658
798  1264
5  518
1277  105
1038  309
1322  1463
598  1798
1299  1467
1444  747
1533  1900
1845  541
1963  634
500  1896
555  697
350  1706
1042  747
103  235
160  1887
537  223
573  767
373  1690
475  1958
773  1475
1643  679
1455  814
452  1681
1904  800
1824  109
1584  92
62  1833
1577  1827
224  1437
346  1765
1010  1254
189  322
512  940
383  1578
1761  527
84  921
431  84
266  1205
524  84
1215  871
752  1004
1373  294
588  1039
54  1666
1356  1443
1350  299
1114  623
1282  547
569  848
1925  82
1731  1234
460  1680
507  1977
819  1776
154  1387
1738  1128
346  86
96  980
731  1548
1262  1173
1599  1775
1540  520
663  1168
1814  1127
1276  1733
997  180
1318  378
681  672
1294  1016
1914  49
1092  477
1797  1619
703  1065
112  332
525  566
1768  1150
1339  1028
509  1438
1709  943
999  821
1044  1289
1303  1147
110  822
878  342
1012  556
1072  831
1609  1265
629  1395
1131  519
1839  539
54  864
1467  1199
154  479
1438  1891
1203  696
164  168
1834  1114
1515  1229
1226  493
990  765
1448  155
953  744
1400  398
1548  1820
1171  328
1831  1290
1711  1262
296  1794
1706  385
686  1412
1826  1915
1251  1326
1018  1860
558  1536
678  1604
386  641
1316  548
136  1281
864  1348
1193  1364
1317  573
319  706
1869  978
167  1657
392  1466
990  38
222  284
1566  1921
236  1637
579  1900
132  336
502  667
1402  1827
501  1344
1175  807
1063  633
1418  1585
723  1509
57  63
273  1945
1520  1026
1924  1600
1655  286
510  1290
943  777
1671  1589
1222  1905
285  1383
1956  844
1726  1402
87  290
1698  958
1058  1668
897  20
413  742
733  1561
309  858
546  1347
732  613
1116  409
308  1459
318  1342
1209  1214
1973  1354
1960  1757
498  1869
735  1138
1819  1487
1108  1023
682  792
1939  685
375  1428
445  540
1105  211
1938  1087
444  854
825  695
378  356
1413  211
1231  1676
1266  1178
1022  1459
465  1317
1296  72
1914  1936
1248  107
1958  1652
847  1
531  1328
40  177
1671  358
928  1339
781  282
3  1575
114  963
441  1593
1802  720
180  1289
8  1293
949  1410
1942  1597
718  511
1157  1268
1851  1814
1949  1865
945  1977
1049  718
894  1960
1337  754
940  741
1162  1511
1751  445
1022  888
363  1153
89  151
768  579
426  1391
377  717
1574  963
737  1996
1215  1822
624  130
1746  824
813  1622
1556  1908
360  1395
1984  778
1318  985
1669  1719
1014  462
458  750
17  656
322  461
1322  857
1844  1002
1724  823
1488  940
555  1902
1124  1263
703  482
352  563
796  1402
479  1231
1508  521
708  1077
1945  129
414  74
1484  401
1209  1699
633  235
1258  1912
1052  114
880  869
1150  602
547  1943
198  1472
1785  55
1102  687
1014  1095
1001  1035
1113  1739
1960  390
1219  300
1063  428
1460  1016
1496  695
307  555
1694  559
1365  187
1269  520
1693  927
1828  757
1971  1622
1299  283
531  1658
397  53
910  1121
634  1580
646  1033
1770  977
1036  1750
92  60
866  1903
1586  1882
25  1693
168  798
422  1984
549  694
1355  1134
1848  1571
1099  1376
1220  1809
1268  82
252  673
1389  256
397  39
465  1767
314  1428
1189  972
1509  1174
766  477
1944  1078
523  1623
334  1860
47  553
318  165
545  717
648  1277
349  396
1355  1142
1165  1230
1269  595
240  589
699  1616
389  1736
1243  1689
359  1328
1446  818
979  1249
884  1433
1329  1928
1022  1938
1116  1170
1633  693
1300  1841
507  563
965  181
1640  165
1405  547
34  159
1230  70
77  1604
290  1489
1290  1864
1034  565
507  1634
1524  1825
1763  993
1540  168
18  782
408  1134
1378  1762
1284  138
614  1100
350  1457
1554  1770
777  299
1604  1972
413  1901
1919  711
1047  129
1548  887
870  394
435  491
53  559
1103  632
875  1472
1827  493
1674  29
868  176
38  310
486  1026
698  628
88  987
315  143
450  1657
1445  1983
1214  1304
772  1475
828  1068
1973  1477
1279  241
1057  1891
844  73
1609  96
1453  1740
1755  1730
1484  1373
1417  340
348  830
1200  1836
1615  1858
1426  203
55  1139
368  849
803  47
169  55
496  1717
759  1554
391  10
821  1822
1716  1779
288  337
470  1202
1509  202
182  104
598  698
305  237
1733  815
610  140
1157  328
1379  445
728  42
200  1261
1097  1606
1416  1348
1770  1996
1676  1893
1849  216
282  629
1855  1072
611  1792
1745  1704
43  1751
904  52
1293  68
1125  1185
1940  1801
165  488
1330  672
1290  26
460  1445
681  1257
473  144
1357  884
1639  1492
327  256
1147  407
511  895
1284  1971
1855  1666
603  317
1639  1736
1310  1654
1333  1339
1051  548
1739  1208
474  1265
761  1860
146  766
698  789
537  255
1848  959
978  1457
1500  1973
1253  1565
752  1906
1098  1000
912  1595
889  1474
1951  340
536  1433
591  167
763  1314
1609  1641
1969  302
782  830
133  1808
1385  1888
1599  1490
290  1819
1326  421
1981  279
800  137
1874  1495
93  1635
1339  1322
952  1562
859  870
1834  1285
1825  654
1984  1431
521  319
752  504
1481  1755
847  188
880  1848
1920  1709
136  1298
875  413
1887  1214
1191  428
1709  84
1465  1844
284  596
1266  1054
434  1693
1698  1552
103  216
1822  1092
1370  495
898  1232
55  135
212  950
1796  1182
1206  1721
1602  534
1947  1722
206  575
90  1921
1657  1185
1074  1663
1876  720
1782  1889
40  152
1480  892
1586  1535
1188  890
970  1041
889  952
1741  987
148  485
1807  437
1192  1313
1207  529
928  93
1397  337
1157  168
1655  572
978  1201
1450  131
1375  794
271  33
1699  1296
1160  105
778  802
1583  1282
1172  1302
1199  343
350  616
1268  615
1136  456
1588  509
622  629
1353  941
603  1323
983  279
547  793
480  1071
1460  1938
1356  939
1047  497
478  727
612  363
1196  1371
976  1789
220  485
1608  1574
1129  1750
103  845
1134  295
176  404
61  122
1730  807
668  872
1896  1658
761  1938
510  1987
1250  1548
1698  873
311  64
711  805
634  1031
570  911
156  1819
1137  1803
1497  1700
939  1734
1024  919
771  195
1255  485
815  1931
432  929
232  577
765  1684
1599  166
1068  596
853  304
1961  855
783  436
1129  1437
1383  26
1838  436
131  577
695  632
222  1451
1578  392
9  626
1295  1118
1627  985
1599  1975
37  355
364  1410
1452  123
596  137
1927  1476
1613  1817
720  672
580  1825
1916  1111
929  1718
970  1286
1588  1887
1769  1571
1130  1603
439  26
284  97
1511  1108
502  1554
354  1598
879  1326
1068  1376
1382  446
995  453
432  1541
1725  301
479  200
1689  1577
740  1881
804  1814
641  717
1587  1188
1213  373
1830  860
1098  1719
1728  1445
186  1230
812  757
716  1517
452  2000
1409  1837
1977  44
1947  1066
1471  814
1403  1417
584  893
1652  1634
1319  864
268  123
1943  145
1349  236
950  60
1246  935
1948  1101
9  1385
23  1724
350  191
1900  1698
446  1791
719  1093
1131  1692
1494  520
1345  1240
348  721
1455  1690
1455  134
554  1445
1959  1699
1453  1474
266  411
500  603
1808  785
1924  579
579  714
891  983
1540  1129
1250  1033
1857  1396
1093  1263
879  722
74  1818
1153  190
828  1815
1811  1715
809  749
712  822
425  1524
1880  1439
1848  1315
1106  1565
1155  906
390  42
442  612
111  900
738  410
906  1922
820  156
980  966
627  1560
1021  418
1255  534
1717  1476
1717  1081
66  1269
1104  1972
1383  836
1519  805
1187  1428
863  458
1921  1194
1946  626
632  307
1523  1330
645  1270
1592  719
1846  1437
524  580
1008  1439
774  1887
224  328
636  1669
882  41
192  569
927  1373
17  178
672  1608
68  1829
1978  608
162  1920
1303  597
217  1623
684  499
1051  1676
1986  807
246  833
1465  1782
1578  1208
1435  1509
1276  261
1199  1617
124  1521
592  373
698  1523
1899  1236
1973  137
1550  886
1122  1487
1352  1923
980  860
167  1562
300  1286
23  1820
366  1907
1614  1558
1112  1042
1599  1224
899  926
1295  912
1010  97
564  500
1689  745
439  382
1490  683
1764  1216
858  488
812  269
1371  631
793  350
712  402
1401  712
1285  1844
1416  404
1766  1641
326  766
1696  591
726  1174
1797  627
831  1056
1649  1749
444  55
1887  476
1031  1142
1882  380
1253  1714
676  929
865  1675
286  779
941  1283
625  815
1953  1058
1573  608
974  1050
145  1029
1927  1474
1267  1614
188  1172
1950  1963
1284  731
109  968
1635  1550
1755  604
1877  337
1426  1202
1571  1776
1170  1577
1206  417
1989  824
888  1415
1209  593
280  1796
1157  111
733  1182
1647  1226
1906  91
460  888
23  397
1998  58
1770  1682
1411  784
489  730
728  1292
1477  1260
1322  772
483  1284
787  795
722  1676
1934  753
275  1855
1152  1779
1332  1357
1578  1981
304  829
131  253
1023  1473
1867  1673
1377  1063
1848  1088
1364  867
385  759
381  1967
591  1460
34  237
763  727
670  1702
961  462
1116  993
645  1118
173  1638
1646  805
958  1272
206  1336
1344  1065
760  961
1780  1829
113  1253
1870  1173
1986  418
1661  585
319  1073
240  1034
1598  1041
357  1801
1994  127
1065  163
1659  165
1282  1014
103  1354
1251  726
1912  18
1914  815
170  422
890  1047
1849  1079
1141  918
1743  1971
266  1966
1907  462
46  1449
1711  47
1289  489
725  321
782  320
927  1784
1621  577
1940  1896
346  1329
116  1403
1949  1448
548  340
1598  841
1207  1107
1852  881
893  572
202  1025
560  1384
1705  569
1358  600
699  398
1109  270
692  362
1795  321
764  962
1260  243
863  543
1707  49
968  1143
644  1184
1265  1697
1476  1272
229  1432
1512  822
1330  1368
61  979
1288  821
385  1369
1145  1286
926  1368
1831  241
435  743
579  701
1653  283
1771  742
1795  1177
970  531
740  1352
681  1056
1136  1560
1749  1443
671  647
118  387
145  715
1901  182
1480  139
1902  161
1274  1650
867  1212
1867  646
864  229
479  1275
1730  1442
469  1993
290  570
1403  627
1256  1260
1643  1006
1123  1746
299  934
1062  1921
1524  1384
1277  380
1237  1424
1364  1713
327  328
1533  858
204  1414
1877  1411
88  1281
567  183
113  135
1428  1686
543  1601
895  459
1531  1226
61  90
1713  915
1809  339
570  1005
1271  686
1721  941
1223  321
683  1440
1729  436
590  11
33  24
177  1012
1764  1982
1316  1411
336  1586
577  1006
764  996
1553  1502
1910  750
1826  63
840  687
35  756
868  1853
31  1294
204  844
631  1270
883  1412
1311  1699
1876  1244
999  1693
1649  443
1874  1161
1945  1988
1807  1396
1124  1180
1519  621
249  1838
1337  1224
525  347
1587  1042
1248  1583
447  1245
1171  1642
1489  1070
748  726
1503  847
857  1929
402  1822
474  1421
1050  744
971  836
1109  1140
1358  656
223  1242
219  1712
105  1539
1885  43
1662  593
1995  1544
1470  237
604  669
1438  439
413  1803
315  1676
1782  997
783  1021
445  1076
186  1752
1653  702
1978  466
393  181
1607  518
496  492
1743  1306
1410  1964
1814  585
1553  428
1089  1600
537  669
471  1062
1532  298
1517  214
1534  616
821  1233
1418  1196
170  863
830  1108
1154  1448
77  1799
1084  433
135  1256
1978  1957
1659  1205
499  701
1286  1097
224  1774
1334  399
18  1086
56  703
893  1890
120  1821
715  1184
744  1628
621  601
1061  1751
761  191
1148  1009
642  1831
454  110
268  1070
674  3
1599  961
240  1414
206  601
1229  482
1550  128
1420  1386
1396  1646
523  522
1624  563
1650  1470
448  520
163  1264
1201  234
1313  1215
1800  1545
1728  1982
1641  339
1303  933
825  1949
714  107
1359  1106
710  497
1938  1965
220  1174
1636  1491
679  1046
1782  1004
458  147
196  1498
752  1580
224  1904
115  134
467  858
68  316
420  1113
658  1662
1674  546
1288  304
1765  977
1243  297
472  734
1263  716
1783  512
801  633
280  735
582  1024
202  1937
201  1552
308  1676
816  1232
1396  1328
442  230
431  1801
1718  1644
1235  870
1492  1978
590  1365
1170  1269
1759  1880
825  1940
745  1396
1166  1788
360  1021
957  1498
1337  1582
580  440
235  1168
1230  1124
915  1312
1092  1845
952  103
69  258
1774  134
1511  1685
1635  304
493  1027
1890  1794
1198  489
1194  612
1366  177
523  1766
1478  1909
488  1587
1294  1386
1974  1253
601  1507
1863  1140
536  1732
434  783
732  1549
1477  108
665  757
183  1656
43  1882
558  94
95  1504
1063  1000
240  1536
1426  684
1915  483
1897  482
36  925
1245  1469
1370  1596
1388  891
919  259
1586  1266
1128  1476
1251  735
1904  388
1141  1226
1290  1563
1305  1076
247  554
1464  35
1045  372
1669  1489
1320  1258
1668  981
1022  548
628  790
1506  1680
1194  1994
743  1466
408  1331
1229  821
116  1128
1327  1078
198  652
950  1770
800  1300
153  350
648  1214
77  1630
572  919
936  27
391  314
1959  1870
699  671
1163  566
583  318
1594  28
1807  1237
552  1472
506  842
163  680
958  1251
764  1120
924  325
795  304
930  1725
186  615
316  653
1141  788
355  1398
1127  1234
1716  800
1602  498
936  1668
1563  1676
1836  1614
1204  1696
1094  1171
397  621
1353  317
1556  1613
832  953
404  828
668  303
1266  682
1338  1873
1217  1367
218  1351
1984  1900
1208  837
1193  1446
62  1866
734  802
760  1560
1832  1103
1474  1702
1526  1216
1921  1498
1643  179
163  345
1479  840
1632  478
1863  297
1245  288
1706  1967
1518  307
1148  1441
1139  344
1963  1415
525  448
1252  1968
322  1634
315  1283
1133  721
1554  1437
825  1976
244  946
97  1584
1190  1941
422  459
639  12
1270  64
1405  1160
1318  1072
1015  1620
1708  1569
1251  8
218  229
1387  759
966  1002
762  178
1156  1118
281  313
552  1449
1991  1297
995  65
1046  1938
404  1009
798  1244
1734  540
828  1595
1426  1220
423  1168
500  1047
1484  1921
663  923
1105  787
1967  1142
1958  1176
253  529
509  1978
93  1223
969  906
1447  1470
43  104
343  362
217  1985
285  957
162  1816
1588  1152
717  1797
1112  1601
1281  744
1648  1598
188  246
5  393
1855  926
1677  646
988  323
1896  838
1435  1531
1826  590
538  1056
1069  1956
1710  246
1180  199
317  1334
228  1778
61  1950
1862  843
618  1663
161  591
1180  785
920  1609
164  489
566  461
1286  1340
1740  241
873  1842
1377  771
1782  411
959  1809
59  360
1911  1461
1083  1691
1961  289
1037  1475
1120  1661
870  1844
1308  160
1150  1863
1769  1487
925  1862
849  1317
38  988
1281  1332
1620  1154
788  829
1410  731
535  665
214  1587
1652  45
1097  965
1998  1207
1801  32
905  711
526  617
448  670
1667  54
1520  1667
1400  1144
533  443
546  1056
1211  1810
587  326
1200  1187
1044  1484
1728  512
1275  1751
299  471
1344  1293
85  1156
278  1460
337  833
910  1345
1283  631
1421  543
1942  1860
953  1235
333  541
249  1422
968  1328
780  1132
1896  1077
209  514
1645  192
1123  1145
156  668
1337  1806
18  1132
1637  1901
959  1723
659  1974
1840  1489
689  1666
1296  425
1211  1888
195  791
1971  1613
853  835
1774  1702
99  1050
561  921
1961  1818
881  978
621  770
288  1096
649  677
723  315
1665  1819
534  1057
988  1204
1297  1217
1289  1487
1542  1170
375  10
348  1308
382  539
1966  1901
1044  521
1385  1104
1247  1016
510  1855
249  1553
1729  1195
319  984
1043  851
1506  137
782  417
733  282
1225  1762
1849  749
874  849
408  1761
104  1518
1643  1380
332  180
1418  1340
344  1344
387  1526
1871  220
1597  1722
1688  585
693  1771
1583  966
724  1629
49  1717
197  1948
176  1216
1259  1957
731  148
1192  1304
1836  1928
389  1670
1823  1182
454  446
1516  1824
1688  1989
73  165
1009  778
1668  1709
990  1388
239  532
786  1262
361  409
1367  1110
1113  1019
1272  1987
544  217
987  1036
938  1009
1020  111
1533  223
1241  1479
300  440
1015  1220
99  1828
181  981
404  1453
1460  1275
1509  1690
1925  1749
953  1722
857  1330
624  160
1027  556
1664  1537
187  484
464  27
1991  376
816  63
199  1015
109  425
985  733
1400  1663
1819  1453
797  98
863  1341
154  972
175  1904
782  1226
17  1546
1772  385
1415  327
683  814
469  981
1354  205
540  1756
933  1395
1180  1895
1420  1661
1121  1567
224  1903
1997  1715
48  1085
14  1369
772  813
1378  85
581  1297
961  470
1267  1254
695  204
1757  1901
1833  1746
1987  1806
1776  486
378  1676
675  412
37  1511
958  1617
1373  1040
579  429
580  184
1887  1567
260  1465
642  157
757  840
524  1344
843  566
684  1547
1064  574
1445  18
915  458
1226  599
171  1524
122  1830
831  355
482  593
378  1069
295  1678
647  909
717  1342
197  1223
1676  969
36  1082
1147  1603
1584  1252
998  1824
1204  1202
237  1860
1748  1434
1212  1914
855  185
628  1743
1727  325
148  1510
1631  205
519  1333
658  375
170  1764
1769  1176
1015  1207
385  1200
579  798
77  482
800  596
710  646
542  311
458  1989
47  1568
1255  1983
1682  622
529  187
804  1532
1824  371
913  1581
1849  1185
784  212
1240  1341
1245  959
1357  911
1596  1275
1776  1950
1228  725
901  389
1412  1929
1890  147
61  1891
1320  1729
122  960
479  270
1461  1556
1545  1664
1308  451
1147  948
1947  499
1949  1487
1122  516
1259  842
741  450
1637  128
1321  1005
312  810
1259  1096
1630  1460
1  501
144  375
512  481
273  888
608  870
1560  1061
473  655
1729  208
1727  838
715  1878
269  494
1357  1491
1998  657
541  1006
539  1209
1223  1134
1759  1696
1455  1972
470  1122
1114  646
744  1891
819  279
5  1138
822  406
964  1522
1109  1608
1416  233
1772  1244
1635  1495
921  1819
265  1408
16  354
315  1532
540  715
669  1677
308  948
1440  1168
797  921
908  58
1713  1769
501  463
385  605
920  52
43  1709
601  815
1233  464
1929  1346
882  309
1516  723
1467  1708
69  776
1831  1707
1560  1504
1500  903
1021  1355
87  343
1144  74
1014  156
1221  1824
69  1576
1756  1813
855  1678
593  132
1547  1392
1580  1980
860  391
653  1087
281  679
178  1394
983  1166
219  1000
1641  197
1709  1227
527  855
1125  1541
1730  154
1717  1369
1517  1060
1042  1615
1785  239
733  908
1312  1896
1691  630
197  1458
1083  1664
1264  926
1073  128
195  1099
772  1487
960  762
186  1532
1379  2000
1964  1870
485  1464
1137  1018
277  316
972  1982
161  238
685  1289
1158  1058
1810  1367
203  641
1442  975
1987  1646
1126  147
1887  142
1485  114
1002  1051
132  1167
1129  536
218  739
970  1179
333  406
553  50
304  261
770  648
1604  1069
123  1146
1900  377
1704  1960
448  1235
545  1569
1612  454
342  1864
1946  1298
1853  567
1681  1746
801  1304
1750  1157
1120  42
489  93
1888  876
7  1441
239  948
1643  892
1420  992
1576  941
1069  1872
130  1582
452  1517
673  1726
589  1677
560  172
826  983
40  1348
1871  323
224  1803
214  1823
952  1219
269  1266
1210  92
1794  917
1775  1732
573  1533
940  1763
1218  788
1187  1091
1007  520
1328  212
158  1798
312  1419
959  1779
1127  361
135  1253
23  1642
900  410
1977  122
467  865
1050  595
634  1310
179  1445
1244  1533
1875  807
1570  850
133  694
312  432
1498  1369
1564  1896
1576  1524
309  206
556  446
1497  1054
1228  591
809  1922
1676  1244
1065  319
1071  659
1378  1201
1559  1598
1624  1501
988  607
256  206
1304  1802
614  1567
1547  583
1430  1105
63  826
51  880
1914  1207
601  1265
699  1433
811  809
1274  1336
12  110
383  346
501  674
1606  688
1754  478
275  1356
67  216
358  855
308  1965
201  1692
1849  1280
197  298
926  179
967  1805
119  1712
707  1007
76  1114
1021  1188
113  874
1378  527
759  1907
324  548
853  542
1312  1083
804  411
761  556
1708  300
1480  1671
80  73
1189  1135
929  1441
809  488
1029  1249
1706  1596
367  1816
1924  530
818  1647
876  1855
1740  42
260  223
663  914
826  980
922  1997
628  1771
1688  1823
1389  1152
1987  300
551  246
248  1273
560  121
1359  378
1633  1180
241  126
614  777
1411  1674
1442  629
1280  1826
1969  1336
939  1322
1392  403
1909  1787
1611  93
1811  434
415  392
1885  314
1579  1413
1737  347
917  1378
1820  1503
170  706
1505  918
976  1064
1374  499
0  1064
1527  1505
301  1257
116  162
644  535
856  1576
1084  539
1304  564
645  1897
1880  1186
625  713
1131  1167
1208  1718
1363  905
162  100
1891  1967
1016  689
1390  526
547  851
1335  1727
182  1623
1773  1458
1714  361
616  469
1617  1936
1253  259
1725  1481
365  382
1934  1909
344  927
577  165
75  835
473  1037
1581  1306
638  1771
852  819
1127  894
421  1456
582  1740
698  288
812  1088
1040  762
150  320
1034  1161
732  1593
1738  1313
1863  1365
1628  494
144  1461
1833  675
664  264
196  1856
1604  1857
1458  1734
1747  1352
900  1399
174  1318
1150  1293
1109  677
1812  1785
392  624
502  718
121  1361
1636  1679
1027  1594
695  304
527  1136
694  453
226  1046
1808  526
798  1586
302  922
505  353
469  1685
1994  414
923  442
1903  348
469  766
1724  1432
1204  1121
1726  1373
1092  1588
1708  1238
1377  386
1399  1316
957  1887
656  894
1421  173
153  134
152  609
1976  665
1074  595
1428  2
652  1441
1304  1640
1709  409
484  1168
1419  798
512  1717
1287  692
1676  174
1016  1519
1779  1558
550  470
407  1496
415  373
388  758
1582  1145
819  665
292  1130
872  1227
1885  830
363  1309
340  200
63  344
1017  1674
575  1436
1002  1209
1954  1499
496  157
1134  983
1309  474
350  1021
502  1380
1780  1640
820  890
517  7
778  1495
1899  1140
307  392
793  434
1982  480
581  214
789  1172
708  824
1581  331
41  425
465  7
1790  1618
378  1365
1820  446
522  1481
660  1569
63  1790
1891  210
509  1670
1526  1072
283  1663
370  1224
664  1596
639  744
62  387
368  180
73  15
1544  999
487  408
113  1557
1049  1376
1238  665
1217  819
688  1058
141  1755
384  1957
1390  1191
1605  630
1520  1693
1117  1232
912  1732
806  1665
1487  936
1385  1368
333  817
790  686
1054  735
1413  318
1546  680
1474  105
1541  471
181  285
355  1750
1699  766
543  1579
1532  12
1822  1960
360  1746
1612  751
1914  713
1519  396
864  747
275  1544
1660  778
1158  1123
1381  1234
1754  914
791  492
727  825
81  701
1782  1970
401  213
812  1887
497  1668
210  1870
577  240
308  189
1041  958
1194  932
667  1431
218  267
580  223
339  990
358  346
1561  1223
377  636
97  110
1570  821
1335  835
166  849
889  1259
1365  139
661  998
856  1502
28  1452
278  1575
1885  1212
52  31
750  613
513  1461
1547  1934
1316  1932
951  1888
340  124
1479  430
256  796
9  484
1653  1407
1293  1327
849  976
297  1285
550  494
514  1860
1018  1032
1530  863
415  668
443  766
345  158
1853  1792
737  104
1109  1304
1394  61
1912  1183
15  786
1056  1917
359  1706
1409  1038
1624  1578
1754  1366
1845  1500
1423  1988
1871  467
906  530
906  365
1974  1384
31  1459
1085  515
1815  831
640  1062
331  1623
179  1069
1854  959
263  87
1091  1165
1085  1395
67  1634
778  153
750  1697
1887  1541
851  220
917  1610
899  1592
1292  933
847  562
776  345
843  965
546  927
415  679
333  367
1925  626
541  1116
1490  1430
1898  1751
1120  822
1607  1034
832  1227
1685  1161
1571  752
1475  461
1506  1482
227  928
151  1875
1908  245
1635  1619
1022  164
1859  1681
654  1113
1828  459
838  987
525  1814
1369  1682
909  647
1388  1584
960  1372
66  1896
249  244
1123  663
1956  1616
1804  926
299  314
875  360
1014  1927
1731  914
442  170
245  315
570  1664
686  867
138  384
1484  251
1324  452
1153  42
494  1996
1923  310
1176  370
509  1089
1752  771
1421  950
267  652
1390  1788
536  670
1160  722
807  1815
479  1929
1591  975
1375  1135
1436  1564
981  1039
1660  382
1214  1501
1691  564
302  358
253  1183
524  613
1213  5
1378  464
268  206
1767  552
327  1270
1209  494
1647  948
854  1222
11  61
1082  929
213  204
1262  381
1733  973
1904  1638
1566  485
1166  962
1105  606
206  1779
65  192
1834  1987
1011  165
63  1679
1016  1181
220  1086
979  660
1615  1047
1989  1391
1031  1723
1664  1906
1688  607
1908  180
1355  944
1905  958
119  196
79  66
34  196
1626  839
342  1847
1913  39
238  321
1482  1227
148  465
1271  998
252  715
390  1423
210  763
700  1539
599  650
672  838
160  1499
1313  1070
1049  1964
1825  165
1082  492
1791  1984
886  634
332  699
1171  1107
1950  1750
1420  1574
304  200
1768  484
869  2000
269  530
1048  1044
1778  1463
866  1299
371  1963
1896  378
1240  600
201  1459
1749  440
1411  578
1687  241
17  1337
1600  1954
136  1101
1697  91
1286  1301
1969  375
1003  1427
488  1756
40  399
953  690
453  1761
875  1373
1202  1507
435  932
1509  1068
1313  1311
330  61
1939  452
231  582
964  642
110  1931
652  1073
1349  819
679  1982
1470  821
1075  1470
590  200
1852  369
789  1569
1182  1655
1019  154
360  702
645  945
452  1683
1643  1658
1863  689
1153  622
299  88
1155  548
785  1142
1358  1674
469  1045
92  1042
785  1914
724  59
1453  573
908  718
1832  1758
794  511
552  833
1483  1232
1496  599
1729  1435
1313  1381
1199  844
846  1070
394  1782
1667  783
674  1577
327  1215
1008  520
866  1711
839  1133
1078  1756
1828  1776
1475  1115
1095  314
1212  1781
997  705
833  1654
1500  179
1081  1433
1512  1929
1609  796
704  1538
647  169
500  1135
1299  1460
1338  782
251  188
98  1232
1521  145
959  516
138  912
860  1532
1849  1867
1173  1499
558  424
1362  1598
768  1399
1416  944
1886  986
1172  1482
281  1108
823  1542
395  93
958  28
1684  446
705  790
1444  1101
1123  988
1837  872
817  793
1331  223
1484  274
1502  1428
1051  1188
1341  410
904  1054
1601  1784
825  1084
114  1712
355  1752
1349  1827
986  589
611  1445
1169  970
861  384
620  1862
1195  1026
206  1155
1447  1932
910  74
751  501
318  1730
1570  1022
312  1595
1478  249
392  1315
318  1790
554  1332
1844  389
517  1878
104  198
953  358
1425  1626
1049  1652
1809  1735
1230  103
1915  1668
1700  1199
703  520
432  1350
1491  1792
1580  1153
1565  1976
1688  1238
58  817
41  338
1223  457
889  489
1887  1293
1721  1665
1135  26
428  1597
1286  1981
547  226
1923  714
1689  1247
1956  51
799  671
359  93
1349  605
1081  1950
1658  1201
341  1068
440  1867
628  1297
1284  1605
1552  569
676  2000
1877  1111
1276  125
50  577
1762  290
1731  222
172  917
1054  1339
1245  1764
1575  289
370  1027
202  319
785  1700
824  1487
948  1445
1036  1408
796  1906
1231  1380
1418  367
434  1182
1186  1145
1714  484
1922  181
491  1793
1964  245
1614  1529
1108  856
157  1116
745  1258
300  1714
133  860
930  91
1864  838
638  322
883  1091
398  606
1728  1762
1761  182
1520  1377
85  673
1529  996
633  106
1303  260
1631  1315
727  751
474  340
524  1375
1982  1678
474  24
997  313
603  407
1470  855
352  1395
1068  356
203  805
1996  1785
543  1161
390  537
1286  241
1148  1477
926  1535
662  492
430  673
1199  958
486  1613
781  1322
1496  1965
563  1355
1286  1235
310  663
607  61
822  689
1023  1727
1685  1318
20  1878
1913  383
743  1404
350  1996
887  418
1517  595
362  1826
1482  1736
668  1777
1624  1536
1423  1640
1424  1396
1625  1340
985  1040
1487  849
36  1178
512  1393
125  263
420  1094
1167  35
1351  1465
289  784
161  1573
1457  1630
126  1341
1898  1866
1987  273
1416  384
1255  440
1047  621
1541  842
1793  193
1819  36
962  1433
302  1934
1435  1594
820  1352
980  1743
1868  1089
1759  1245
863  621
133  1352
314  973
1915  1872
589  16
1679  1395
1180  966
675  822
1437  660
1816  1848
576  472
1407  535
459  215
660  1266
1963  864
1286  177
1519  388
665  1120
1581  1114
735  1276
1410  1730
1348  1634
223  632
38  488
1630  1479
1849  995
1830  694
1005  416
111  1332
1761  1052
1676  158
1831  1309
59  1203
802  894
157  1273
404  6
498  1871
1840  1324
1749  209
1672  1044
967  1019
1436  303
841  1049
1658  1941
1434  848
1419  516
1854  128
1217  1202
148  1993
1959  1348
1397  1021
113  1596
667  1985
824  1604
121  1816
1398  356
27  1973
39  98
433  1417
172  41
1581  1400
551  1801
658  820
584  714
978  296
1453  423
127  1552
1133  1136
1446  594
1248  914
314  1784
302  1645
341  1332
1789  1053
856  1957
465  530
1660  1327
1597  1103
548  385
1051  184
977  771
1200  1825
1760  870
633  128
54  890
797  1597
758  1091
1486  388
21  1411
206  1693
564  873
629  93
870  869
1187  1660
156  577
952  575
1333  1636
1292  1482
1239  1080
1904  1228
958  1986
1828  1374
242  840
412  34
308  1936
1955  918
1939  1574
1978  651
637  1018
226  1752
480  503
567  1378
552  1618
80  1103
94  1483
830  1334
52  77
422  1281
648  1219
524  1645
1153  1756
714  2000
162  1142
106  620
1750  1557
1938  904
343  1872
112  411
233  1208
745  914
514  1604
158  369
576  729
519  1042
942  1121
420  204
66  648
1635  769
735  1861
1693  982
1463  597
102  1177
962  1038
1895  1843
1987  1053
498  105
967  1548
464  726
1215  1564
822  1057
567  1659
538  34
1209  1439
1101  1425
1930  747
1206  312
1472  794
1128  609
1445  924
1766  1665
744  464
315  991
109  967
496  507
1235  828
200  1927
1212  960
1154  1215
181  402
25  223
1186  547
514  283
1559  213
850  1186
1794  1979
572  615
1935  545
265  1516
1210  1186
359  33
1831  630
1863  1864
977  72
1582  509
381  838
400  710
1384  1633
1000  692
1433  1187
719  24
1369  1727
277  181
518  287
1438  698
151  1700
663  183
1114  1092
40  447
1720  693
58  1237
90  811
152  295
441  1589
1282  1872
1377  1816
746  1857
758  312
1671  343
487  896
910  1619
1037  484
604  1106
215  699
881  272
1281  363
1598  61
1242  1956
1401  1714
1697  1976
546  1090
1156  784
511  1928
1017  1116
944  1178
1716  13
689  1986
1131  1325
1138  785
672  630
265  646
1176  315
632  1715
720  1273
1456  1454
1209  1768
1545  1058
696  797
561  1743
1364  772
1471  77
1954  1790
159  918
1931  1089
60  381
1452  1242
1914  1260
1140  1756
1206  1255
1106  1296
285  1443
1076  1259
662  1755
1570  1373
625  881
519  1603
937  1969
811  1104
996  795
170  1757
203  720
752  495
172  1481
1256  297
1757  946
1554  1647
1984  1652
189  1697
1295  1749
1883  1955
1  1384
635  58
1552  713
900  1571
726  1954
1657  1142
1003  548
397  1219
769  968
1010  1987
443  306
956  1251
1134  602
294  1234
1987  549
553  1535
1581  1528
997  462
185  1444
67  1694
1546  1167
929  564
893  1671
1999  1212
1273  1840
1071  1707
1802  738
1385  424
301  837
1787  816
585  571
1587  1972
1827  1803
1640  623
64  1805
471  1197
1514  1602
183  1929
1666  983
981  1307
1099  1372
697  1614
813  382
1290  602
202  1741
986  1602
973  901
1376  191
320  50
426  364
345  1288
1242  547
954  840
241  1003
1211  1844
539  1353
1127  1134
597  1421
1522  1805
706  55
785  390
203  1964
210  1680
859  5
778  1620
287  28
17  1009
840  924
208  319
1022  1937
1633  940
618  10
722  1495
530  1783
1198  1411
274  1483
732  1695
21  812
1667  891
1230  19
1034  57
1175  882
159  1349
1058  611
885  1872
606  273
1744  330
870  1156
1083  1692
1506  976
1980  582
430  570
233  36
1352  678
1762  1504
1063  1859
1239  885
1290  257
253  1194
906  1249
576  59
1175  1489
451  737
481  1785
77  1904
1307  891
209  1347
406  229
536  1991
76  1077
1263  1167
990  1129
1501  1698
257  1586
288  946
1078  633
1154  628
1064  1
519  1217
1237  1725
238  963
747  1971
1714  971
1062  1422
516  662
275  1185
415  1994
1612  389
629  620
1944  411
1660  852
1176  377
475  1698
1598  641
1183  744
607  1722
1418  1673
1231  934
1414  1939
476  645
1530  745
804  1777
1405  1559
982  1575
11  932
1101  1017
1930  263
223  1035
1651  1957
254  1821
1305  521
872  970
83  1051
1725  1058
1946  1233
89  1585
73  1371
1384  322
1735  784
1718  1814
1326  1472
1592  588
1198  539
227  345
585  1224
1028  1541
1648  73
272  818
884  1229
1075  330
306  328
1281  1833
1651  729
416  1346
174  1
1071  775
1297  414
438  1862
314  85
418  1937
1726  173
1588  1662
1567  928
271  126
320  254
805  994
1829  1258
407  1134
638  396
1996  812
883  398
461  1362
1378  143
1578  707
1002  1330
53  1572
294  1343
1189  52
467  100
1914  1788
138  903
166  145
1091  382
399  1302
1451  1645
628  874
1626  1518
1170  947
747  1338
1582  310
192  904
1689  1181
405  801
1605  1407
781  649
925  187
442  1666
664  1174
1392  1087
477  59
615  1822
799  1156
659  1282
423  400
48  1196
844  879
1248  955
1638  241
1765  460
536  145
1898  1729
508  807
1824  1956
1140  168
1048  1470
1270  1236
562  1904
126  1347
1831  136
1969  878
153  278
1415  1207
1499  34
1117  131
716  1316
210  157
1586  1364
402  1122
348  418
1219  1909
1217  997
1971  1060
645  1187
932  1148
170  636
53  1968
1500  108
282  1864
1493  1279
1342  99
434  1526
727  1828
1709  1387
543  1207
156  35
1486  77
26  1816
1348  77
1884  778
564  1406
833  1730
1399  836
1763  762
772  1582
1494  940
1370  1068
1485  819
872  1922
878  451
643  994
1596  395
439  44
1575  1352
1502  761
92  344
736  567
1769  1924
366  1712
1324  1606
790  1452
6  879
604  949
756  659
1824  1467
616  1265
1588  17
758  767
1286  1373
815  72
1230  298
178  1047
342  1591
1724  1209
1420  1450
1422  991
951  363
307  767
1152  262
1333  1549
564  402
1896  1019
613  341
586  1628
204  1257
1386  1925
172  332
1855  1941
422  1237
1730  798
1035  485
918  1288
477  347
1603  395
193  1662
1541  1909
547  827
1045  1121
1011  1936
523  1190
853  703
1372  963
857  1855
412  794
12  1113
1176  1867
501  194
499  1611
852  341
108  1817
1847  447
912  976
1683  1773
938  1239
256  531
1223  1405
780  448
221  627
1708  263
901  1392
398  91
1238  235
1028  1515
1816  1228
771  878
1029  1899
1895  1759
226  188
101  1331
743  1577
394  1997
74  1529
192  829
1927  1398
138  1232
1033  699
1354  1694
498  150
1631  1937
309  1157
118  1898
1727  766
1156  574
1063  1263
796  1370
258  1587
387  1845
1043  1941
661  938
994  263
492  301
305  1294
1718  1746
61  525
1516  856
122  1536
1172  6
1290  149
1091  717
1597  1417
236  527
1143  842
942  882
359  822
544  1897
1015  133
336  349
1956  1188
117  1014
531  832
284  1726
394  660
499  1260
164  670
300  1808
1280  1058
312  1929
110  1856
976  482
477  713
1516  1827
964  349
1708  1528
108  1522
1021  1240
9  1396
1802  384
923  1879
556  1886
174  294
280  1237
504  570
388  1046
1569  760
1914  1640
404  233
659  21
1625  1783
1864  134
1500  233
101  1757
1453  1676
904  147
1447  1860
912  1674
1815  1256
32  514
1424  1958
1413  812
1543  1367
859  1490
1578  1635
930  892
1145  1914
803  159
12  116
1712  1968
1071  272
483  1950
514  1329
1561  1860
818  1296
582  1403
729  1044
399  236
155  1010
310  61
245  1295
1155  507
10  1836
1576  1767
1377  1848
1585  1112
1845  1095
1594  479
355  994
1052  99
1349  178
1189  360
466  129
521  1430
1435  622
1732  164
1879  589
597  1525
1221  141
591  1607
1030  398
1957  569
193  1591
1341  181
475  459
820  952
1524  1485
485  6
978  1933
991  1931
1396  1626
1824  10
473  550
2000  601
284  352
1673  1734
1531  441
87  1309
1243  686
1787  1149
429  1423
344  967
1559  545
1331  350
1848  612
1460  422
918  1941
1649  1263
1665  1373
1683  910
190  1588
882  714
1115  1304
1794  1992
2000  1049
153  617
503  419
1771  1978
572  8
588  550
1453  1908
1911  710
24  132
1406  533
1612  126
1838  118
593  13
1255  580
1350  1266
615  636
265  1224
950  492
1889  1928
1792  1105
1535  113
709  795
1004  60
322  734
484  1224
45  1805
1156  1741
183  29
1732  711
1805  1203
156  312
1808  631
877  970
193  762
993  1633
473  462
243  1693
1940  890
886  911
505  152
1706  929
1993  740
703  1582
1294  57
1390  131
1544  1776
1753  538
360  1819
1637  138
1280  1553
80  1869
1945  136
182  1290
275  791
1108  1620
1663  1426
688  803
484  984
750  1036
314  1274
1694  1812
456  499
295  1965
1383  700
554  1290
1315  1720
1269  1592
291  1688
1942  45
949  219
228  372
1602  916
1306  1377
931  1444
452  1220
1704  1313
578  191
1325  1173
1588  1866
1730  92
886  1842
993  1067
331  1197
118  126
1850  142
1790  1533
970  1737
1802  1361
880  971
559  1534
1653  1984
