5000
1409  229
1952  158
602  7
88  524
783  513
248  452
1819  1071
481  1897
895  1214
1237  1810
498  1327
976  131
259  711
331  750
1466  1880
1250  386
1000  1668
425  1087
329  1861
15  1336
747  556
1379  1794
1653  1582
1118  626
223  1294
544  284
1750  1313
535  180
1860  1980
1064  995
306  191
1598  1859
528  5
137  520
1574  1783
599  780
1377  878
1526  160
1049  1995
250  1117
94  7
1699  684
114  1291
194  767
961  482
1941  1448
301  1490
847  755
1692  1371
250  880
1653  824
310  687
73  1131
1630  477
767  467
556  505
1309  1457
1643  1000
1632  127
804  1420
277  443
713  691
872  517
1399  1768
1259  1350
1999  1299
405  1980
1267  754
893  51
1488  877
903  44
849  81
810  1477
982  1515
473  836
442  648
1712  932
1581  1609
1179  586
53  256
523  1012
565  490
490  1886
1307  954
1748  871
1809  1833
1305  826
1937  905
679  177
518  234
640  1099
1269  1358
1652  198
1187  1459
809  1268
306  1930
1505  1038
257  437
1574  624
1446  1695
1574  1086
1080  1590
1249  1793
963  158
1195  813
1018  271
1419  1102
1533  260
830  715
636  1224
466  475
1707  1510
1327  68
600  1829
1399  1779
852  1546
1382  1581
1982  1216
46  1415
1381  1895
48  212
126  1240
1001  567
7  1989
118  361
266  422
1291  1322
146  577
1725  1401
252  1174
916  1515
1347  701
1234  771
984  1
753  1498
1997  1068
491  636
152  999
1596  413
1475  870
1027  1249
1077  885
695  1844
1705  328
774  700
559  180
1208  836
1690  711
890  410
389  539
487  1197
1685  1275
794  979
1128  1345
9  1083
842  1711
1079  281
971  371
1699  1015
655  1562
18  1868
458  1669
683  1317
1338  1850
852  124
1801  1257
1451  614
134  311
712  1812
423  631
1331  495
1004  1472
957  431
605  347
497  432
1745  1517
157  1728
367  701
93  715
1297  69
948  1019
620  809
320  650
1164  1026
1100  955
292  1404
1400  1776
926  1908
1995  986
681  499
1455  542
276  340
1141  1738
548  226
1310  1908
236  1838
84  1687
1867  1703
1588  1349
1448  1933
138  1041
1568  1988
770  1128
1563  1040
254  1142
36  1076
89  1835
306  1181
651  248
1729  1525
184  572
1981  389
429  1121
17  1471
677  29
8  166
817  1543
357  158
113  268
400  1896
1959  604
261  283
136  1392
1378  1118
1192  1305
1931  871
1612  1050
1955  122
997  890
1497  694
246  1489
790  1714
969  835
355  1385
781  337
1269  779
414  1748
612  1293
275  6
902  369
1601  943
887  548
634  852
1766  1845
1207  978
751  82
402  698
759  1917
848  1684
1901  1689
1096  1537
1021  486
138  15
685  748
13  1993
454  1013
1779  167
992  632
1746  744
1232  708
1185  74
792  97
1419  1039
613  376
944  204
797  671
1450  1451
814  127
519  542
889  1165
1491  1941
194  317
221  1868
821  129
32  822
1726  901
92  137
276  891
1985  893
693  592
125  602
690  604
604  1436
991  729
1439  1176
692  1728
229  1510
731  1476
1749  1754
336  943
1005  216
1186  1081
1681  1455
1079  1979
1481  1647
1911  124
1584  1272
403  1231
415  794
588  1942
448  932
718  1347
1570  1092
471  582
1052  1839
1398  832
119  272
704  852
1853  647
1619  1151
2000  1967
1530  359
980  892
1630  1672
1347  659
757  131
239  1517
1692  1469
1997  171
1598  1398
1188  1712
1183  345
1354  1456
983  1472
1910  1921
11  806
527  832
126  550
480  1969
306  1285
1011  1267
94  1274
1954  428
1839  300
1144  743
882  1180
1290  463
668  1
1704  252
1350  442
1148  21
179  1910
1576  30
1387  1030
851  1761
843  277
396  1400
1152  1070
1810  224
1306  496
970  796
302  377
896  1336
1715  1580
1060  1680
1701  601
579  131
1910  901
393  1031
924  312
1077  1658
1341  770
666  781
114  513
1782  1218
1980  152
422  1123
1953  651
70  1125
1467  1765
1213  1190
1736  344
764  1024
348  1275
632  274
521  1773
596  449
150  962
1502  1772
936  1565
1339  849
1244  1584
1313  238
858  1372
1816  405
1306  1007
909  1443
1952  48
238  1229
1151  1919
1279  321
1986  798
806  110
736  995
423  1179
943  1629
1421  824
155  280
4  38
973  1485
142  1568
1315  74
1670  466
1234  1974
1976  1203
290  539
895  1065
1048  160
1313  173
946  1004
1269  1426
1139  1209
882  1604
1504  448
1659  390
318  168
1912  385
546  7
1971  482
1672  1280
376  1592
1487  412
1368  1291
1860  1268
913  674
154  1336
138  1818
1249  647
1707  807
487  115
854  1003
361  93
1531  639
866  1888
233  1087
994  580
1562  948
1337  1026
1024  1674
1630  1939
746  1627
1340  239
976  1753
677  519
1207  1413
1655  222
1783  1373
1225  1970
35  1228
256  208
1015  654
645  502
259  1836
219  131
758  394
1922  124
940  53
1194  1145
554  1414
356  1554
1984  192
352  861
1997  321
1916  1628
852  835
1491  1937
426  1394
1402  1439
1800  1121
1633  45
111  1632
188  728
481  982
1386  971
1718  226
247  1759
785  1074
1918  220
497  223
1745  1774
1093  43
1187  1195
1851  274
1826  443
1540  223
608  1615
1571  1184
1146  1527
992  100
1259  1886
1776  91
1961  1466
836  1134
804  35
1408  226
604  651
568  639
1419  619
636  1518
243  313
266  1224
1044  87
881  38
676  362
153  1340
941  884
268  504
7  1472
309  263
1483  541
1998  823
777  101
435  1979
522  515
688  821
1847  137
1021  894
405  230
1875  185
1900  1438
0  888
847  659
1487  426
1525  1801
122  33
564  1094
1621  1030
1842  525
1339  1223
1988  456
1904  1671
1993  1448
1593  1017
1034  1597
812  1914
1736  1050
926  649
1568  299
1157  1682
1290  1097
384  292
1026  1652
1050  658
1409  160
934  1328
1238  1333
214  272
1354  1514
55  1934
1822  268
887  605
1646  1383
1888  248
108  152
1351  1575
780  967
31  509
653  350
24  572
1115  1013
513  1400
1430  814
1991  1667
1507  1134
1715  1347
434  426
282  1690
391  750
255  31
1679  1682
606  771
928  1715
1189  1641
1508  1224
1235  934
209  97
1102  1753
1945  351
1161  22
211  1472
655  136
354  1826
1822  1243
410  623
810  1358
1531  1662
1263  879
191  383
582  1082
1761  153
204  86
302  765
673  1653
1885  1640
1757  1641
690  1782
450  1857
1160  318
1239  109
426  1288
20  306
134  558
1628  1011
1564  1235
1462  1687
1042  1993
1453  1479
1268  445
148  837
862  234
1909  808
1319  650
666  126
1504  873
575  1319
648  833
1267  1213
526  325
606  450
290  1836
1465  200
246  1594
544  1792
1909  1885
443  1329
1411  1354
171  1740
630  1498
1038  1622
158  1603
1310  1498
557  129
1515  1793
1900  661
1492  265
371  67
1182  1557
219  634
453  1256
694  338
1030  1057
1920  1167
1195  556
1750  916
1197  115
14  644
358  344
794  1923
1271  291
892  1266
468  1503
871  234
174  1538
1929  305
420  340
633  1570
1559  1149
73  1905
490  342
752  328
1955  1034
1137  1582
324  326
934  386
1241  125
1655  1151
716  1273
1878  875
864  1700
236  72
1393  1183
1574  1992
425  544
988  1747
736  1447
967  1782
1760  907
289  1278
1484  774
664  998
1537  324
431  1958
216  656
1179  1135
1323  711
491  1436
629  1537
1378  767
1653  342
865  221
95  1449
1354  1911
1793  1921
126  308
778  1001
1213  911
1557  1658
981  1890
11  1915
1223  825
555  326
1905  945
485  773
1310  853
844  526
840  1293
1378  1272
620  196
34  1499
800  1766
1720  1494
1906  1174
1536  914
900  1341
325  1832
1937  1969
633  752
391  1110
1659  1152
1769  187
314  486
256  81
1967  980
886  620
839  1369
684  583
591  468
567  947
1696  95
78  316
1685  1442
166  1574
1533  1833
1550  100
321  1040
1887  827
996  1462
1650  844
311  531
1268  1398
619  288
746  177
903  1883
1298  899
1507  764
451  1572
18  982
1613  240
1672  1215
452  1775
9  668
366  544
188  447
38  1460
1930  1863
1547  1418
100  1032
1020  1293
1467  1919
405  1160
509  2
808  1211
300  575
68  812
1311  56
1469  421
1622  1304
1486  1897
297  1230
1242  143
1640  947
1571  1720
699  1764
1589  1622
1425  1942
847  828
1190  762
498  55
145  1641
1343  1568
973  766
1413  1273
1973  324
497  1035
810  1668
349  1831
1313  806
608  622
569  1914
1597  952
230  885
1666  621
1132  1968
1503  62
1047  242
1987  942
59  1524
439  958
1289  609
287  1855
853  1722
1232  1015
1692  1733
1371  430
638  1104
205  1083
1830  1005
144  9
1726  1862
1165  390
840  1259
863  1889
1217  1152
1090  905
982  1162
345  1898
1064  651
1560  993
1213  298
361  1086
946  1593
1566  1922
557  821
1409  579
1896  1026
955  1361
139  1392
1310  575
103  1872
1047  1756
491  1897
1784  415
1304  307
773  1474
611  1969
1164  1970
1178  1986
424  678
587  214
801  1510
1384  414
215  216
1436  780
1666  1393
1932  175
1886  912
1001  1747
1843  1106
1787  129
172  1522
250  38
465  20
1463  1579
1365  848
1304  34
349  1768
751  546
1365  630
652  196
1940  1453
2  286
123  1542
733  411
1553  1127
528  1655
632  1696
1488  439
579  1242
1854  577
482  1284
89  1706
179  991
772  449
902  1125
977  895
1129  586
1086  1157
1018  1690
1841  1546
316  1245
1441  656
1171  1827
749  307
250  874
802  1936
1424  279
1663  1878
80  1666
494  1138
704  204
1366  1757
993  804
1473  884
930  558
1259  1657
1257  1011
1230  696
1088  1145
1815  241
382  1280
1322  285
734  1719
1875  1173
1327  964
1712  1940
265  593
739  1985
1103  75
1809  675
1505  1258
1157  1974
565  357
1353  735
691  629
189  1798
983  693
937  1521
960  1371
988  1122
1549  117
715  409
1084  1413
1338  1232
552  795
1637  735
1589  1499
1487  1347
40  1806
832  103
484  327
159  457
605  346
1870  958
1624  32
1976  379
716  1757
1539  866
1147  383
1681  418
2  427
1141  611
422  491
1202  1281
1450  145
1518  23
16  364
1194  1419
654  338
1395  1416
1184  462
13  1449
680  144
541  860
1949  1758
1312  1531
1862  994
1685  320
1490  1440
1266  1982
316  48
1316  1361
1275  1470
1272  1863
646  322
1366  354
400  1008
898  992
636  367
454  1951
8  267
692  1086
295  612
854  1569
1835  922
340  221
695  33
746  778
1883  701
1356  1678
29  1172
962  1907
228  1152
239  1980
1696  1921
1144  609
1670  1427
7  569
50  201
862  1781
1460  1169
87  1959
1315  509
439  1858
1499  230
1183  1176
678  147
1883  1170
1964  775
518  1367
1517  728
1649  1267
29  255
1976  1604
994  1768
687  1812
1495  616
961  1026
218  1319
370  280
682  313
231  882
1799  1011
1005  1214
612  736
1175  940
1106  1388
1849  1516
1872  1283
1913  950
457  82
709  800
682  748
1146  1835
1129  1445
161  872
1727  1085
1060  312
127  1077
935  1140
1595  1486
1979  396
652  1747
627  738
484  833
933  49
464  1954
1063  402
1925  852
344  1217
189  1987
112  900
231  1837
1705  1760
290  1035
326  860
924  163
878  266
243  390
901  860
6  1663
1015  1545
1431  692
1727  1811
721  1934
1128  1586
828  852
335  341
1965  1686
1155  1122
1994  1977
1592  254
1596  1245
836  1875
1050  460
91  199
1336  1493
999  822
19  377
362  1271
722  1318
1892  897
969  1818
654  1824
52  571
1039  1243
841  1247
194  503
1084  913
1380  334
1100  222
1335  297
680  1125
1051  340
1611  678
735  1119
1716  1675
986  1925
1137  1440
26  1008
1773  1343
641  250
1077  1788
804  321
214  412
1237  1502
968  1412
450  1639
1311  1081
1221  1982
415  128
45  719
312  1199
153  1553
1900  452
490  436
628  32
206  1320
989  1242
1181  426
486  403
1361  1707
985  1244
382  1065
216  1950
162  532
1705  332
1437  41
939  712
958  970
291  1897
1052  1358
1337  983
1479  1992
1935  1857
1161  1355
648  1937
1111  559
1854  63
440  1289
94  1781
89  1845
1820  493
407  1940
1457  797
371  884
1847  635
1827  1316
862  1185
1133  578
341  1304
1824  350
1332  1674
336  1626
116  993
1391  237
651  650
663  213
1258  1703
115  1328
633  89
1868  279
1930  214
974  420
207  103
1788  1944
1531  1217
945  1612
355  1384
1090  1196
39  1046
926  1780
1748  1474
1676  516
186  1156
912  1661
1563  1374
1055  1356
1117  1147
31  1037
900  1464
798  664
652  1478
1321  643
1587  1302
54  641
756  963
1764  71
1957  634
98  263
1747  1009
402  1815
960  1527
420  1798
405  411
1739  812
1737  1956
1074  1185
1977  1374
349  7
34  1128
1117  637
820  1181
1427  775
805  947
136  1312
1851  1924
1521  1099
256  781
779  1606
1856  50
110  466
930  547
448  1854
1259  881
1597  133
38  870
861  116
1587  696
1476  345
976  1318
526  1461
437  1029
1402  1089
309  1355
1501  1340
1871  546
215  997
1299  203
917  175
180  85
68  1352
182  1263
808  1906
1498  1757
638  403
1090  867
1687  564
1324  79
1789  865
1211  252
1851  506
1910  836
672  179
426  1438
270  1742
1842  737
183  1070
1547  812
1590  911
739  1168
243  1195
272  1019
1397  715
4  428
399  1248
590  920
563  1537
201  1029
1875  987
1260  1991
1530  1102
1382  1865
1479  0
952  652
615  1495
1435  345
1349  355
1816  293
1565  1541
570  510
222  1159
843  1454
19  1690
1463  1697
879  740
595  1511
876  1233
1690  1539
873  1180
1185  1561
831  788
1936  1754
955  44
1056  1171
1349  1509
1216  1068
1842  1856
1864  1975
516  1508
72  597
8  109
611  342
1879  1222
243  333
185  1257
94  10
712  842
1689  55
1824  1662
1417  107
1977  937
1367  344
608  552
1503  1628
170  773
774  627
433  1261
1718  1674
1307  905
509  114
1469  849
1064  1963
1836  444
946  909
1853  917
968  885
562  1294
428  1622
1951  1564
1439  1017
1150  1366
1133  185
955  1754
538  1259
103  20
1486  1177
1345  1835
1587  770
217  880
231  1181
690  388
1256  1030
1988  1378
1307  1812
1645  1412
669  615
308  1462
1761  1780
1146  294
418  1851
1126  952
1814  1493
110  1532
1931  1436
1171  1197
133  1900
496  1045
1092  1052
961  1887
836  485
1818  1018
396  1442
247  979
1901  35
352  503
127  516
846  1141
1091  621
1860  1571
930  756
1677  899
1618  1415
1647  196
1157  874
726  65
1878  136
1881  1286
1234  919
1884  1198
853  531
282  1341
159  221
1936  1236
968  1435
594  129
906  359
1779  789
1398  950
1392  979
296  1576
243  981
1151  357
1074  1642
1573  956
888  422
1050  1481
1588  1466
1968  465
149  1183
1450  520
433  598
277  1998
1657  1027
1140  392
112  1460
136  1175
1382  1718
630  1223
1187  1532
300  419
1657  262
1224  694
1664  1000
1419  696
1292  1758
1225  1301
873  536
1285  662
1272  1747
561  728
48  124
756  1848
684  393
1767  465
975  1140
1317  143
1920  555
1702  1935
392  1073
1817  832
1  587
1108  1347
1430  449
368  492
764  759
24  1997
1733  598
977  454
82  1430
1910  1803
1615  1728
581  1093
108  1214
1058  826
1319  67
1962  1982
1354  45
729  679
1608  1205
434  87
1018  372
1677  35
461  1017
881  973
1207  117
1733  787
1585  238
1471  529
1334  982
91  900
1741  509
1355  670
1866  823
319  1210
1036  937
1567  911
1323  1495
520  1934
1193  587
1348  1076
509  1480
841  591
1272  268
1932  1852
1267  1474
373  1939
1995  893
662  663
7  304
1838  717
938  1508
1554  330
1522  534
444  238
1433  720
1577  35
332  464
860  1712
970  312
567  1448
1  863
747  693
1866  314
154  1444
1117  609
1442  1794
505  6
1560  127
1482  1881
530  1366
986  411
204  797
1137  562
400  450
1385  1999
1806  1265
1127  1155
1795  1519
1234  510
1173  281
1510  1383
303  559
1658  1795
1013  1716
1232  92
1527  623
1936  1092
1690  1042
1110  925
888  733
953  1679
1329  1716
86  751
901  354
1817  116
1000  213
1673  892
1778  515
1838  1881
1584  1945
360  1518
1603  151
41  502
1827  861
1197  29
1069  670
625  1278
795  691
1524  1853
3  1186
637  1476
243  127
1670  1340
304  1234
1551  510
1841  1987
916  599
1060  1620
1179  1333
499  1626
1978  143
1499  1841
1096  1277
1126  44
504  724
1199  225
1688  1414
1457  1120
818  1725
1395  843
151  1028
1032  1145
256  967
1326  455
1772  88
1073  805
962  635
1517  1493
1461  1631
1410  1488
389  1896
551  1425
146  964
132  302
1592  1684
496  298
1340  190
268  464
1576  383
1973  282
508  225
1338  1637
1827  1922
922  634
1019  1424
313  1882
1125  426
1059  1593
569  1568
932  891
217  687
340  1061
1994  1493
75  1117
1578  395
86  1444
751  320
1575  1354
958  933
81  137
704  1593
1214  1134
859  1687
217  1054
1739  1041
367  191
1497  1485
1071  1254
362  411
1313  1780
1380  152
1739  1154
905  416
786  1758
378  203
1223  1880
510  1175
884  920
1571  1606
469  431
702  922
290  1349
247  642
776  1169
245  964
64  506
1889  1193
166  1631
1328  927
504  357
259  1625
800  1234
286  1367
795  41
703  1079
1579  1659
208  1745
648  903
990  59
1394  1166
1337  1429
1810  1803
478  967
938  415
103  483
1613  1246
1518  946
1750  1016
396  363
1041  787
1939  1192
1091  1836
716  1026
738  852
1089  1172
1164  923
1346  1850
546  1698
86  1598
696  644
234  265
789  1961
1178  1909
116  409
876  507
563  1159
1329  403
863  794
1424  1923
107  1339
1907  859
494  681
1759  1106
1686  22
459  709
562  1135
415  992
492  1351
1604  907
550  1912
745  247
1377  517
802  1010
1651  894
2000  771
809  1184
1965  1642
209  1407
522  1525
354  1832
157  1167
310  532
1300  1670
887  54
295  242
1728  402
1866  1478
1665  600
1446  158
673  1162
898  1368
1227  254
1523  1179
1205  740
192  1507
999  1812
1037  991
594  828
14  716
431  1671
1141  99
1083  221
1878  1696
428  185
809  541
1058  1565
511  991
1188  197
1226  756
984  170
259  303
365  184
1870  1685
656  1950
420  1721
941  1217
1344  1406
1695  1957
1503  342
437  1930
902  486
1711  1981
561  1254
1550  1464
647  512
1793  1165
584  570
1813  489
145  379
1457  1803
1726  1007
1193  947
986  111
497  509
688  320
1423  1550
188  439
900  991
1970  356
1245  1237
1424  261
1598  137
957  1374
953  1532
1763  484
962  346
1954  1590
958  992
582  376
778  1218
1043  1475
1066  1738
754  865
1116  162
1382  1755
1845  373
645  1315
567  294
575  1277
0  912
172  1155
493  960
1827  1711
1480  814
109  264
160  49
1953  670
1882  459
574  1482
307  1713
1171  690
423  697
519  1290
1272  1140
1980  1292
131  467
1195  719
489  204
1750  1806
1410  111
1209  230
233  534
792  913
769  1249
1311  12
1658  1680
555  274
840  163
513  1973
1285  1036
866  1734
1444  971
854  1631
981  614
227  1762
384  1561
224  87
1998  1790
1124  1392
1980  1190
302  369
838  464
965  1084
1033  1357
151  1693
303  1315
340  263
740  226
713  1262
472  1913
508  1722
1209  791
672  1945
762  1772
25  1506
1244  732
44  1054
1182  160
1941  316
935  918
641  1246
403  1709
1824  1551
1445  1285
1292  1905
580  1487
176  581
1034  600
1786  130
1050  866
410  139
825  1401
772  1392
1530  1788
119  588
1276  287
27  1369
1885  56
775  223
1797  316
1438  1956
1245  923
1212  1359
830  1139
1902  1099
1520  1534
1577  1226
1652  73
1364  1121
1248  1417
247  574
470  1812
1189  1199
915  1400
1936  539
1969  185
1671  288
390  336
211  1832
1436  1201
876  1839
1947  142
1292  1253
520  857
1083  226
744  1838
1823  719
1033  246
1683  581
1191  1881
793  1027
635  1153
975  472
1943  1036
328  943
66  710
1178  1982
1227  1967
728  406
491  1548
1107  220
666  609
1386  24
1717  1961
1099  1130
1537  501
1160  393
1402  1333
1265  575
239  484
1749  1560
1603  1279
277  891
1209  1963
1386  1514
1352  1649
650  1532
1490  958
1596  154
1291  1875
1892  905
1918  484
484  1728
1069  1267
210  1991
266  1071
1850  1671
1502  1588
325  1637
215  790
1577  1130
436  942
1908  1292
1720  1780
1294  1902
225  909
477  926
1224  205
1428  958
1885  1344
1730  859
1240  584
381  1022
488  1173
1887  691
465  1781
1139  1118
1929  515
892  149
168  1007
1788  919
1295  1315
1098  295
591  999
365  947
486  1610
1195  178
840  435
695  413
1248  1022
1673  437
789  1842
1538  988
952  1155
630  1853
1985  401
107  415
1653  1487
434  189
1695  455
1988  1143
1263  720
485  117
1318  1808
28  1027
934  430
1698  101
22  1661
424  253
736  932
404  1930
1135  1478
1227  1600
347  744
73  611
59  1401
79  1594
1960  521
1658  1662
782  1400
110  1641
90  872
643  353
340  1563
1447  67
1830  244
1519  1848
956  1669
129  1041
384  412
1286  628
1408  202
767  1960
9  1564
1669  47
1412  348
939  671
1511  47
1714  501
838  1489
1575  1811
1823  452
1981  751
1274  1994
1758  778
1952  1111
361  1111
1278  340
1592  1481
1382  1086
885  1132
1406  1763
169  539
1595  888
70  114
189  1414
298  1043
787  70
95  497
1285  217
666  339
237  1541
1237  1315
1112  933
948  178
902  277
1724  945
87  71
476  40
1094  1144
1882  473
135  1033
1379  1002
435  1489
1607  1702
848  412
183  509
880  597
862  1661
467  1669
469  140
176  183
1187  256
384  1919
539  397
1535  1293
600  701
754  1146
937  313
1390  1728
160  25
334  866
1487  1449
747  943
1888  1587
831  174
1861  1954
1083  1434
1427  566
1777  1562
1071  588
980  52
1076  562
1940  356
625  85
324  1599
966  597
1316  416
274  502
304  1413
1242  979
1777  1186
4  292
1205  1021
639  1004
39  682
1613  1057
1352  1226
73  1929
1666  1357
68  1877
1958  212
176  33
1032  53
1742  1787
252  69
186  58
1192  1079
413  1297
1111  835
61  1522
1157  792
1898  1469
829  451
1165  1495
1180  1195
1146  1043
565  1531
1448  1002
1185  431
1031  1042
29  587
1653  517
4  1360
145  1832
432  622
1445  574
1155  503
857  285
1436  729
793  1583
908  769
945  1058
1446  1329
490  1696
716  1296
605  128
1492  1399
1168  1019
646  1499
255  1490
967  1768
1936  919
19  1466
1817  1427
566  1009
1494  691
144  485
1864  908
335  237
883  1273
1241  1211
603  1726
48  29
815  309
1891  1237
1010  1824
1102  1093
1189  629
1484  652
926  1729
1911  1145
125  344
7  252
1367  446
1244  203
640  1702
1744  1499
1654  677
924  950
319  1915
1961  1894
538  94
462  1616
1715  1893
1815  1545
355  1634
691  1570
1464  407
1732  1951
1761  539
214  1380
1219  1351
235  1999
1633  738
198  97
465  800
979  1488
1335  674
925  1447
794  1770
1098  390
1162  1931
857  426
422  1154
196  122
1770  1483
1361  1346
280  1806
1879  617
1225  1877
1009  756
1577  817
1043  830
1896  258
1199  878
281  358
1526  1686
973  1259
1233  404
1261  182
806  1565
918  515
1965  154
1750  1880
369  1868
1535  96
1531  1656
1201  1369
82  1646
1385  579
1671  1978
608  1986
405  640
866  661
1279  772
779  1649
737  640
1687  405
1381  9
184  1338
1642  1615
39  801
1477  90
1770  1755
416  535
1430  1324
460  774
796  0
1447  577
943  1972
1302  1420
192  1176
128  1378
574  1754
580  996
220  1977
1701  478
1394  206
365  791
29  1809
243  1541
527  793
126  1202
169  846
1128  1157
209  636
799  1921
247  169
826  177
1197  1934
239  392
1096  786
1773  1611
767  1886
1698  1822
1513  1315
302  1807
848  1148
697  365
158  1944
23  212
847  779
606  1667
281  889
984  1197
332  439
913  1321
1894  1378
402  424
670  1140
1609  231
26  1121
1886  1174
260  539
747  479
1588  880
1129  201
1069  1672
1790  802
1887  1775
1465  424
1626  662
598  402
138  1974
1105  682
948  433
574  735
607  473
1389  806
1814  1862
1084  1702
1093  1
401  463
1616  603
268  648
820  1310
1523  711
853  1984
1003  467
1439  81
1957  1020
1297  1221
1993  1825
1274  532
1253  1953
603  331
702  1457
1612  686
1823  386
1355  1520
1999  782
544  5
1279  1702
812  1595
496  1385
803  1198
331  6
1040  814
1724  1761
173  521
1389  1113
918  252
280  1883
100  129
1952  14
1107  1647
1109  1724
354  277
1836  1926
1550  471
1816  530
1048  1343
185  108
1510  1137
701  1486
365  942
333  1106
426  945
1197  515
1317  1597
1263  1097
1921  1659
1067  612
1248  397
724  1785
1252  573
1837  253
354  663
1305  1105
1606  804
295  1382
1161  921
855  1074
906  571
1428  1024
1781  1423
423  1857
208  969
78  31
1490  379
722  1868
456  1262
577  1445
1553  120
441  1877
1970  630
917  1160
1955  1175
1271  695
387  1106
1189  704
1503  1718
1521  1150
1485  559
27  1589
1272  1049
189  425
1450  721
515  881
433  1315
1152  1841
687  374
943  903
1467  1167
1222  1957
616  1189
1372  725
1857  1676
788  198
49  938
22  1391
763  512
1957  589
260  233
1363  1114
634  165
1492  1311
1842  854
1206  1659
856  308
1168  846
1694  155
662  82
1192  1444
1261  494
1091  27
108  1670
1884  1754
698  1867
499  84
1470  1883
499  1342
850  1430
1515  1718
1598  637
1088  339
1013  1736
244  618
540  978
734  1224
1362  1902
719  1456
1086  1194
366  1445
786  138
1441  918
1271  1604
502  183
900  94
1925  579
1083  1798
757  763
38  805
1003  1042
650  686
31  1046
574  1236
1785  130
1878  1518
1464  806
744  1635
1122  1058
1741  730
1750  987
1848  478
1698  1461
1716  262
308  1361
1906  826
983  749
736  1885
1927  1738
360  150
326  505
343  1148
154  1796
766  951
350  1063
1436  658
516  1645
1401  915
886  1765
1609  1344
326  763
760  1240
704  1503
1909  1879
1213  1549
1059  358
1957  1139
171  59
1196  484
1066  1995
804  1912
125  1312
1267  1453
1043  192
724  148
678  78
1371  1836
745  1008
1949  370
1168  568
1012  593
1387  1707
1806  295
433  1061
1618  1200
540  1226
1906  899
1254  1685
184  365
1498  1567
180  1181
37  1476
1094  1107
1289  153
1088  321
1953  1800
1204  381
929  1798
364  617
1372  357
542  25
1020  820
1503  1928
463  1666
1797  319
634  1475
395  1508
140  1452
1112  511
610  1030
1378  1646
342  170
311  1415
1767  63
314  1415
370  303
523  1236
806  1151
68  1646
329  1634
1540  8
1240  220
504  935
1663  1537
34  1353
922  55
1981  267
272  1049
630  700
196  1445
1323  1057
1793  595
280  806
421  1962
1407  1084
1689  855
1376  459
1363  545
58  1651
1268  215
687  328
632  137
1594  1386
971  1744
1246  1457
502  1513
445  552
1652  838
444  680
1653  1865
630  988
1881  777
1288  1715
234  429
1198  1800
1873  226
1579  1171
1565  576
1222  604
1284  82
419  1472
1393  100
126  984
127  950
1591  1649
1245  1308
287  1375
1828  541
586  1814
104  1035
1665  1477
110  1530
1370  898
595  1872
488  14
66  1977
1189  185
1336  433
213  825
1902  1432
637  1026
1297  1481
941  1961
424  1863
1483  1273
1410  1806
226  1472
508  1292
1101  1675
1388  1829
1959  1410
612  1619
57  1046
882  745
655  559
1400  1482
847  1045
566  1200
788  1555
931  107
128  56
1542  418
167  111
683  1235
1409  1677
327  785
1465  480
226  1075
686  45
506  759
776  1167
723  1990
666  418
1544  810
1155  1212
1981  157
265  1036
165  1559
1295  969
1634  331
1574  902
1515  1502
1985  370
967  634
1033  1878
1213  1470
104  370
775  261
696  1382
581  1846
549  1650
823  236
1517  864
1126  782
1645  326
1379  1379
409  1256
438  471
153  1791
1461  1729
87  62
18  896
835  364
168  1358
1385  314
504  235
559  1738
986  1793
1035  495
1716  474
1204  1472
1566  911
432  1775
1412  517
710  1447
1375  405
635  1152
1600  1984
225  93
358  574
752  965
1470  1350
871  495
1197  1803
1703  953
1813  496
1562  524
671  554
988  741
77  1160
1107  696
98  1458
732  1126
472  1383
1712  159
697  1797
565  994
1938  191
1935  1871
1800  1214
1723  1833
1470  1428
13  1864
943  1582
1446  309
1372  1380
1039  1638
675  1038
1645  329
322  1543
1998  280
786  76
438  930
1754  1595
279  266
1024  228
1567  1265
885  977
359  907
24  1025
903  918
1204  1992
1246  834
1079  1736
516  1979
1744  755
1569  828
617  388
515  346
1345  1576
18  1419
1383  1477
748  1831
1573  447
293  1342
753  154
421  717
351  1457
214  1791
564  211
1051  819
1256  448
673  407
964  891
995  847
149  1953
740  457
803  219
1509  1245
629  1503
807  221
878  1887
1869  1772
1219  14
217  1164
1771  566
1079  1080
1333  908
920  650
95  1370
1603  1306
1740  1997
1942  1124
1641  345
576  565
871  732
799  1418
534  1853
1937  161
453  1814
358  1120
1950  1736
1040  243
1815  1905
575  1658
202  1366
1314  396
765  1581
927  1424
435  424
1592  1185
997  1096
99  643
1080  569
1588  1583
1883  1413
802  1427
524  1950
1445  1817
151  168
1677  554
8  1163
1389  1080
1652  818
1357  935
776  1671
1769  333
765  125
1464  847
1220  431
897  1557
868  982
320  1575
961  52
1414  1946
445  602
1028  589
1782  604
1124  1798
1336  30
1672  1797
725  1731
156  988
1215  355
1667  512
215  1329
1866  1803
1652  369
271  1697
1174  1559
583  363
757  1733
1974  876
161  1012
293  5
1056  936
650  698
1032  829
1466  752
1832  1224
1162  1672
356  500
389  1112
935  1309
631  1234
403  202
1058  17
914  813
779  1247
474  483
346  839
927  668
1153  1560
615  1301
1357  1696
1004  306
1618  1717
687  1174
295  1169
121  1138
196  1549
1913  1166
500  566
144  1481
1742  1002
457  1719
11  1352
760  424
1895  1865
583  2000
692  1486
25  735
1864  1105
911  709
1992  1187
1544  379
1531  1949
1330  412
1118  1494
1646  1124
1036  1904
1869  528
1395  399
1830  1165
884  223
1255  1158
1430  495
933  110
1565  1638
701  1876
331  1545
669  1400
276  42
427  1342
859  1416
792  1701
673  175
1244  62
1279  1682
432  12
492  1898
1594  412
318  39
887  1353
541  200
1322  414
322  460
360  1658
367  933
1227  1558
646  571
843  1878
49  1591
1174  849
1684  571
1075  1333
468  1253
1318  1376
921  1694
675  756
1727  874
697  1730
930  50
923  1343
1654  1236
700  1106
1456  1712
1630  272
1500  1479
766  568
1271  539
1676  297
1325  266
1761  452
1200  294
1725  1214
527  146
341  473
1507  985
1898  1659
1944  1978
694  189
376  395
193  406
1745  1669
850  1426
1533  478
225  1258
1730  449
1441  285
1400  1415
738  1455
398  1953
427  709
912  678
76  1857
326  1526
122  1535
306  1581
1184  1727
76  1489
1656  599
1607  1963
1028  541
1686  1104
210  1774
444  88
174  6
168  1569
1067  1553
404  1739
246  1877
481  967
275  135
1004  1252
524  1701
1612  938
292  1757
1632  1472
240  984
1391  992
156  1898
38  1575
167  1497
317  1205
709  1043
1328  1161
525  1530
1588  581
65  1008
1113  606
720  1073
1720  755
677  1607
1439  1701
316  1042
1197  941
350  1539
1704  1425
1620  1055
1200  1821
1670  1945
732  405
747  61
648  1990
782  192
1087  789
1734  1508
43  153
512  16
1581  785
1026  743
188  1328
1738  61
723  450
760  153
1992  454
702  861
1453  1090
212  611
596  846
95  1768
1906  1904
40  1625
1330  740
1582  631
1774  15
474  1538
78  1222
1619  1210
864  1175
222  1152
1223  691
52  965
821  242
1161  1193
640  112
1879  1217
438  724
260  1064
120  1351
436  25
933  1434
22  1145
52  1832
1657  1992
63  1586
1941  821
1589  427
281  1772
1919  381
428  1033
162  557
415  1818
1635  366
1287  1387
1568  1403
1642  958
1503  774
1482  472
484  1422
1493  933
1095  816
827  1009
120  358
948  568
1727  738
1543  1390
1917  386
473  1434
1940  794
1395  1181
458  829
547  108
309  587
1730  1054
795  1010
798  1650
1649  1729
1799  1306
89  145
843  1580
1040  1586
1288  272
222  76
688  1425
1223  668
928  454
1816  964
1942  246
138  235
1742  1370
624  1529
30  1822
355  1777
1936  649
1082  1577
1811  308
959  1398
247  1459
1977  728
673  1959
60  1602
1074  799
185  244
337  614
1199  75
1678  1671
287  1890
624  1269
389  1194
921  1662
1033  1696
1569  1383
55  1850
1920  90
175  1138
91  708
1334  1174
187  386
1915  1573
1784  420
1168  1862
1064  328
890  1816
465  479
621  474
157  1133
350  979
1756  787
1658  823
78  550
98  1745
910  1113
68  1139
556  489
770  1395
47  1083
53  1535
495  173
1189  418
165  1355
609  989
1327  1518
1676  1995
1126  1567
1141  12
1542  741
1263  1747
326  26
257  880
682  1386
1347  1476
1143  210
50  802
525  983
1574  1738
1056  1142
100  1398
1850  743
334  1545
645  1833
1490  1449
1395  618
1909  1513
1484  175
1938  1076
1581  211
1787  973
697  1139
403  1857
1937  58
726  1393
1719  137
681  1773
848  1674
1602  214
593  1681
1932  926
1968  1739
1770  235
1907  441
1517  1309
1312  1708
69  739
1949  6
1892  1883
1772  1139
258  1862
59  1360
1899  1476
1034  545
1213  76
325  705
136  979
554  335
785  391
1035  1561
1813  1978
1191  862
1215  974
1003  935
911  1442
634  1732
68  510
1773  1317
265  609
469  1001
375  1217
943  1908
1875  1050
720  29
1215  804
1209  482
720  1526
1926  948
1736  1877
1495  36
1551  1204
1981  1266
766  1130
1784  336
755  452
1152  395
1926  95
1109  1608
382  465
1379  1395
1225  320
1173  978
1343  383
140  1069
865  1149
134  416
1412  1642
1872  858
392  1287
210  940
1461  1909
993  1159
1698  956
1282  536
761  629
1658  1049
495  1379
960  1137
1430  266
1657  1661
1762  273
661  1687
988  1272
1886  897
505  1862
1135  1982
1272  1984
1770  186
1241  103
1813  189
1261  812
1170  1487
378  1443
1502  414
1180  745
455  1464
667  263
1217  1399
33  454
1035  1477
931  1335
1076  1664
1059  316
1490  382
1068  960
817  1823
1999  1940
1299  133
142  350
1014  625
1543  590
207  1337
55  1160
867  111
1553  473
883  740
523  565
1013  42
1498  1278
1948  257
1606  1096
840  447
694  1432
142  1455
1044  1854
883  1479
1541  732
1949  1985
160  1095
755  1712
1087  72
1570  1039
1787  1230
1827  1351
813  1361
177  1933
1323  168
510  983
393  1011
1989  1071
1276  210
11  1178
228  1574
1388  1950
105  1298
1335  1483
841  1653
1286  1664
257  458
79  148
665  186
930  1398
1845  1099
632  779
1358  1047
1975  242
202  109
766  1442
878  1530
1719  1860
135  1990
1762  1106
678  326
1885  73
681  1210
1461  959
1206  442
1394  523
889  687
1388  789
911  494
626  917
1890  1223
1467  1561
48  1270
1127  23
1562  1470
990  869
1921  952
72  1864
1741  1863
1117  55
1273  733
1295  1195
650  985
1536  1756
506  1122
1877  1887
465  119
1665  1719
1274  1546
769  870
1915  71
655  551
701  269
1719  1695
661  98
1826  1973
14  1651
1749  1562
1328  1686
409  35
307  1417
737  1943
1606  607
359  1482
1992  163
756  1289
1066  280
1415  1412
1946  1610
1441  1219
1408  1198
427  894
1627  62
1849  1291
1018  1524
214  96
1245  179
1491  1191
1513  580
1085  751
1723  1169
1035  1974
1114  1499
874  190
1145  1204
1856  1331
1825  807
447  165
1333  912
493  847
1422  1843
417  1289
740  1883
879  1652
225  648
109  1537
934  191
1182  88
253  1814
1256  884
573  1354
1515  605
1217  464
1483  154
1774  1066
126  1488
1212  1318
932  208
1874  133
1155  1240
973  1025
1791  1683
1019  371
955  1772
1509  424
1370  1366
1141  755
444  1583
1532  355
1801  868
511  1260
1308  1599
240  195
892  569
117  39
395  1094
850  112
1201  693
59  1220
1164  1871
646  1705
1194  410
1108  1331
1016  1329
299  135
851  1180
1794  1249
1506  46
1365  739
1528  111
315  1843
1432  1072
186  1027
623  322
1651  140
630  800
1955  1312
367  1470
824  418
1334  1067
908  176
683  707
788  1675
50  587
1762  958
917  621
689  1469
1775  1252
26  1935
30  297
1661  577
1697  81
1501  4
1901  1575
443  984
268  1593
1880  1018
1249  1968
1533  756
493  863
227  1327
860  996
386  705
25  1440
992  293
1459  1405
505  1575
1303  1953
733  14
567  1483
1964  1291
947  1524
1117  1781
1365  1095
1637  146
596  825
900  173
414  1882
50  1923
623  1703
719  320
1435  1757
1952  469
850  1425
1339  890
238  247
243  526
318  1139
1783  260
484  1633
1861  1883
927  482
936  1998
109  1950
743  1203
1715  561
909  128
2  492
1544  865
794  1008
496  964
1080  609
1280  1400
1577  1364
1535  818
451  1225
904  1298
1688  388
1662  1624
3  653
760  661
1658  1555
1013  1072
1863  1277
1444  1892
1584  954
1978  1255
1356  1703
1408  695
1418  449
326  1078
1791  1292
245  599
1611  1182
1943  1916
802  1217
222  882
1238  725
1649  1616
220  52
1874  1584
132  1610
758  1681
237  711
491  73
1366  1451
1565  437
749  1934
181  97
1873  710
378  422
638  459
761  680
1960  655
876  1245
1261  1055
967  885
1741  987
1107  195
1767  1690
864  1516
993  1307
1871  322
1377  882
1878  513
1231  1501
357  1047
71  792
380  1136
1048  1438
661  975
938  269
865  864
1401  1208
229  1823
1722  1497
1942  1743
1717  1530
1909  13
504  259
480  352
1244  643
382  1516
514  663
1725  462
1462  40
384  733
111  788
377  1237
568  362
1300  1877
1495  210
1365  1246
117  712
853  551
162  282
541  814
902  1152
1574  1410
1392  676
1189  169
1681  1463
1434  1035
1230  947
762  559
1930  1459
996  1022
1847  1256
1929  245
1146  747
675  180
670  993
1910  1038
427  1397
544  1339
1080  1830
606  182
131  1849
242  318
1323  809
956  689
968  1142
637  1625
391  1767
1841  1973
1744  667
12  903
1157  76
98  1967
1251  415
560  1
530  1391
1846  1486
189  30
1930  958
617  1731
1226  864
984  121
1960  1256
360  1197
707  1675
332  943
1626  1310
1635  349
563  1917
1824  1850
250  1792
1481  721
1999  1832
967  1853
957  1333
643  1708
265  95
1528  684
1755  138
305  1465
970  1078
1682  969
196  319
251  345
629  1802
1892  1586
1367  1113
1788  686
101  825
1452  1728
1084  1594
1925  718
1702  1937
173  1727
273  911
1275  999
1992  400
1015  1099
1517  709
1438  612
1297  1305
1952  666
774  522
293  1093
661  1282
296  451
459  1876
1957  661
180  823
550  696
1342  863
1429  1766
172  222
1223  1638
1510  1047
290  50
1091  275
1225  1891
1542  1559
1275  1826
159  545
1619  246
1773  491
1224  1133
1579  1712
1324  145
366  936
1285  1150
1124  1530
357  495
1008  323
767  373
681  64
333  1531
610  233
404  1056
1933  716
1195  3
1750  754
278  1068
978  111
472  782
921  1354
310  1270
671  1048
1973  513
266  1489
1919  811
1302  965
43  1198
1712  1813
1912  983
621  931
505  193
635  1491
819  806
463  1089
415  1839
778  662
1086  462
1339  1243
1232  1931
680  1996
1463  518
1103  82
722  239
1386  773
456  1894
213  829
576  1200
352  1090
1453  756
523  223
835  1571
34  1942
1624  721
379  5
55  1172
1160  272
1081  1347
237  271
609  1656
63  126
1744  1650
294  1506
1400  452
1158  3
1979  900
1830  335
114  7
1354  191
1454  684
1514  858
1448  382
4  1776
569  962
1153  615
1459  1670
1634  1452
555  347
107  1400
975  1600
1171  1561
1352  295
201  683
502  162
222  206
1511  1297
1284  1844
1346  1673
536  892
495  135
1600  27
495  1968
1489  995
269  1988
675  1873
1800  1919
1498  1337
598  344
912  346
1297  936
912  776
1299  1480
1149  924
1637  1995
409  1967
302  1512
346  826
198  731
1118  1066
1192  69
1143  645
1379  1070
1188  1497
1421  902
777  1344
1033  559
904  1710
404  1759
803  912
380  1177
17  1261
1056  590
607  600
448  620
910  1383
206  1286
546  1905
230  1920
1535  1883
1857  862
1882  1735
500  35
833  787
1088  1522
1577  1840
1955  1093
550  1333
1416  19
1940  1254
95  801
349  697
33  424
337  1974
1502  1180
566  1097
1692  1416
833  759
947  532
1931  261
489  1587
974  714
1149  389
293  387
1871  617
48  645
731  1851
487  1554
645  622
1029  901
1589  1775
1997  965
1074  1186
588  224
785  100
1079  954
1124  694
58  1805
531  1997
1600  788
1339  1152
787  447
1386  111
371  1287
927  678
307  1796
1473  67
1656  1368
323  1495
1134  89
497  734
1554  386
1781  311
780  1755
217  360
1881  505
60  1106
689  1102
1889  1532
5  287
1199  427
421  0
402  109
1232  102
901  1038
6  1623
1643  2000
118  1019
1223  632
1074  1625
611  1152
1658  672
766  1292
1100  961
945  953
150  751
1061  953
585  336
1183  1876
246  618
553  1744
610  1992
1542  1341
1651  393
741  1037
118  364
1907  730
247  1394
1851  1196
251  1046
1698  288
933  1775
294  118
228  671
71  1979
895  787
1878  1853
714  432
706  598
1500  1429
464  964
747  192
230  368
555  1910
1583  419
1255  1385
441  1210
1321  812
941  63
1682  85
901  730
303  316
508  959
1963  1268
1138  1357
250  617
699  1058
523  787
1074  1553
1082  431
590  1427
1178  1352
1466  1403
594  1956
1925  587
928  31
902  1295
1405  156
1096  1092
1676  1481
1110  1575
1228  996
1329  461
1528  1367
1859  297
71  306
149  1922
1649  1388
1028  1829
1118  498
980  1617
1419  1617
1275  931
1340  448
1528  1049
1167  485
1165  134
575  1979
1218  1908
409  802
1116  296
1360  1560
1149  1356
571  127
1940  1616
46  403
349  1124
1674  452
1528  1012
293  1371
1347  68
759  1196
147  1019
188  1576
196  1785
626  1736
297  1746
1101  1767
300  307
40  1936
1018  91
1638  1988
947  101
358  1363
209  1961
1373  1332
672  1990
1849  44
1613  7
1135  116
395  364
513  1456
638  153
694  900
1287  357
1971  1502
1032  1495
590  1417
1032  1402
101  150
1421  685
340  798
1281  733
1351  1933
679  1472
839  238
1157  1763
1376  1682
1544  1175
1595  1957
82  1557
389  1171
1772  1777
589  56
1454  46
1929  450
213  1208
549  836
1124  1162
280  1317
1799  1626
1702  356
1591  1857
493  114
957  1737
271  675
676  854
1755  1481
587  1342
102  1571
420  0
1905  1361
998  1428
734  165
629  562
220  1471
163  1327
1768  584
731  1241
559  949
1954  682
1677  1153
556  1587
136  407
987  381
1803  1434
1007  1337
681  451
507  230
18  1442
856  507
1411  963
1548  1467
216  1721
1448  1179
302  1683
308  1509
1825  1733
871  1933
932  288
784  702
1720  457
958  1369
857  1826
1003  409
1318  558
1838  1347
1602  352
124  401
334  1609
475  1979
1389  723
246  127
1396  867
1944  792
1175  1788
1748  143
1648  69
819  1236
665  1860
1839  762
57  980
1562  1915
623  1193
1479  1551
121  9
224  1061
794  1996
476  1134
1898  973
695  1465
1852  1158
1144  1246
434  412
1982  1806
1404  151
1619  22
430  1448
517  21
911  1121
494  1830
455  614
962  529
331  904
1509  508
1603  1164
746  1555
328  814
749  1842
1733  989
159  57
67  712
882  862
256  1376
1166  48
1855  1477
1466  1427
1249  1144
1284  413
1388  1325
104  1996
70  822
530  1773
1279  462
57  463
148  583
395  742
826  167
1724  719
1095  1604
1039  1353
1462  1738
1491  145
837  1668
1341  1283
1319  776
388  1029
266  625
711  148
1957  1284
126  464
1179  1440
1561  939
542  366
1196  471
331  1414
257  862
933  975
1504  570
1381  438
318  1825
496  622
1726  970
1106  1796
1619  1824
14  679
1135  1403
430  289
1620  930
46  1994
643  1997
531  1386
1285  406
1173  1047
1093  872
719  1296
1727  798
1086  1022
492  1920
1940  1949
1038  1491
745  1634
102  1384
519  561
1311  1959
1182  1164
39  1099
836  695
1873  1686
694  665
1493  1300
58  47
482  1613
629  475
826  225
1731  1392
1482  1524
1297  205
872  1386
209  317
1704  1286
1394  257
36  569
1204  1903
1771  1478
311  1560
1596  221
1281  1221
921  1238
1641  360
473  470
989  175
973  822
1148  1358
1491  1653
1739  1032
1385  44
1943  1609
596  1876
471  212
1732  728
1242  175
1735  1616
602  185
1295  1201
1630  278
1830  373
1608  431
746  1417
1243  76
1093  939
4  1859
220  83
441  1387
1925  1763
353  634
1301  119
1023  1190
1018  1150
842  1667
1239  237
1198  44
1713  133
1128  1298
346  366
832  1725
1376  1409
1644  1177
195  881
1950  1760
462  390
512  1787
1665  723
297  265
311  294
742  320
385  731
962  1065
1467  1904
1745  999
115  532
1078  826
325  478
669  1037
1239  1189
1992  342
1158  1924
909  506
823  1894
938  264
645  499
495  1093
462  984
1231  1884
822  1479
1615  1051
377  220
1577  1597
98  1763
1808  398
1470  270
50  1796
1052  711
782  124
1803  1578
1866  1004
1727  1376
932  445
1591  716
647  1365
976  1109
1385  993
1434  1099
1193  1578
430  804
1299  386
1080  607
664  1946
305  1710
681  378
645  3
222  339
238  896
1755  1444
984  1498
1440  523
537  304
418  1890
512  314
1745  1849
162  1884
1563  663
1389  1170
1557  34
1134  1008
1971  171
413  1695
464  517
1339  507
392  1764
1409  585
705  960
578  75
258  743
787  1922
1124  219
12  608
378  1611
1019  764
1481  235
444  641
1078  890
1072  705
1609  794
1297  929
368  517
109  688
108  1502
448  1232
213  1369
1540  1258
1204  120
1274  1976
1102  312
1149  1154
1964  1032
899  943
482  1827
1848  966
676  819
543  737
456  121
1509  498
1459  936
1515  1797
1007  1325
1143  1905
1155  565
883  1083
788  964
501  1109
1254  104
1228  1149
1200  1933
198  400
1020  1916
1085  522
1896  1221
1450  568
1156  1580
1712  606
890  302
1795  1205
1821  1555
1317  1347
776  1824
1747  1132
1272  994
358  921
243  1069
556  175
1326  1316
1544  1583
1869  1285
1903  449
329  830
1355  859
561  1386
281  1356
1093  1929
1099  933
379  94
1028  1389
1993  1747
901  111
183  496
1618  734
982  66
1790  1812
928  1368
233  1940
548  1672
864  626
190  81
292  749
871  1760
357  1117
1851  1899
1094  1125
279  372
1833  539
1286  1387
1183  477
1978  1481
1760  348
1530  4
1707  312
933  1468
802  1060
1701  688
1580  1528
622  1159
1809  973
1522  1026
1435  222
161  975
1110  1021
462  152
520  1213
1524  903
506  578
141  1938
1793  950
398  679
1255  1300
1466  1776
908  1178
423  1181
1430  429
1052  1994
766  498
1214  1985
427  1829
1160  435
257  1473
980  228
182  1818
1727  1601
202  8
1095  1174
483  832
51  1027
1646  608
866  127
1885  1193
1080  960
1171  581
118  1273
1013  286
816  1034
168  384
1916  1163
1105  82
1190  170
139  1667
1769  195
274  995
1898  1551
1465  1380
1810  1829
661  530
1033  1518
672  1968
1896  1175
809  681
663  688
1926  735
1210  338
492  1836
615  62
935  1348
1055  294
528  1505
480  44
1212  1366
305  1966
1731  1063
498  92
645  743
1741  450
875  418
1435  1732
1881  496
1184  1639
559  1131
297  1517
627  1184
1782  55
822  537
807  1518
319  1000
985  1380
1529  1342
637  1223
1656  1919
1119  729
673  215
1898  1110
1138  1740
274  338
252  289
1554  1743
283  800
483  1864
1791  1776
1444  760
114  1720
1076  1766
462  1867
1582  1998
193  1087
1378  969
553  1724
1096  1729
1636  700
1429  150
1072  101
1165  18
618  1327
760  1164
1330  283
1090  389
5  114
603  1399
673  1615
1420  857
1193  253
1428  48
1319  1397
1279  318
1051  772
1870  1414
1311  1630
1513  222
1591  1475
1675  1382
1102  1821
1797  1750
1768  1173
475  987
619  380
568  1049
348  264
1791  308
1463  1424
662  1703
529  1509
484  1945
1323  458
1241  1320
1694  319
1711  1315
812  904
657  1761
1191  1483
1045  1557
714  713
513  239
930  571
797  231
1913  123
139  1147
846  717
1268  1579
1120  1905
1400  1435
116  762
483  1480
957  462
1597  1825
1725  329
851  467
46  777
1217  582
1593  495
1927  1183
1067  478
865  1283
1553  1338
1192  1616
1424  985
1313  389
1627  725
37  552
1673  973
702  933
291  146
55  659
245  1056
465  502
1779  1521
782  623
1388  666
1058  1090
76  1248
1882  1843
356  613
1696  1620
1035  360
1529  131
720  1250
282  446
260  1844
1378  1467
690  109
1553  1986
922  338
1002  532
505  234
851  1900
876  667
349  417
1632  1879
931  1124
195  792
1605  567
46  1495
785  1500
1540  186
1070  1640
1729  654
1729  328
834  1562
1543  1102
1495  1146
915  1469
794  342
1449  582
969  507
177  1941
293  1536
1714  824
663  570
965  31
1878  1471
1090  1031
429  553
1911  366
1926  1142
1879  899
1671  764
1605  1908
506  397
62  673
368  1446
1535  748
954  1314
1972  1626
1464  706
997  1280
1351  38
1697  810
1120  1550
1798  768
347  120
377  15
157  542
1345  736
1659  730
493  1095
808  566
404  1176
1953  1575
218  1928
359  565
1521  1781
1065  1467
984  776
953  763
1430  1327
619  656
1474  686
1615  447
16  1616
815  1107
1845  354
204  1844
491  177
705  1780
850  1209
1109  1871
1575  247
216  96
177  233
648  70
1133  1123
899  781
1077  1381
1209  1052
500  683
1181  1963
1652  1394
348  1208
1562  1965
1055  1041
1165  1014
1839  1552
1611  1492
351  455
1457  57
1947  965
1122  19
1625  93
64  244
1461  1557
1862  1776
1779  1012
1312  1001
1567  1115
977  322
218  1816
1714  1835
1048  1397
1809  1841
1939  1922
226  604
171  1931
1849  1488
473  1665
1341  1916
1539  537
1506  959
1099  786
797  900
696  40
170  1482
1160  1962
461  164
740  1296
165  1170
629  939
138  939
471  1424
1823  364
1786  1679
901  981
1488  1163
1965  1444
1052  881
1119  304
1291  205
1565  1464
566  1033
606  930
555  1533
1429  698
1155  358
1686  1506
1418  134
632  1856
337  1955
73  564
942  466
1269  1627
45  958
1870  1560
503  664
1485  1292
1518  1138
1439  1741
1063  776
739  851
541  1424
1123  483
1856  1769
1666  280
1386  866
688  1854
536  222
1217  1921
148  1705
276  103
427  570
1167  885
313  1069
966  1650
817  1521
810  213
1218  10
862  1628
1462  891
1234  1319
571  1751
1054  1279
1726  1195
1815  425
1657  935
1162  1833
782  1945
502  367
1310  664
1043  1445
1979  1877
1420  1463
1554  919
774  1723
1846  230
1706  1571
1850  1814
632  1426
1501  1598
478  1075
1862  1734
991  996
718  1211
1028  97
503  1433
425  1079
1905  243
1834  1956
927  1638
1182  653
352  1506
1419  1551
641  1362
1557  818
1287  1894
1838  185
1252  1322
673  1758
1014  1076
1980  610
1982  1947
165  784
1140  151
1246  66
966  625
1096  841
509  1562
849  987
1835  662
767  1283
1565  387
1563  435
1363  555
1762  1273
1985  1203
1766  921
1426  1506
1307  1628
1135  1655
638  1196
1205  1558
316  148
494  241
565  672
510  129
1990  1002
273  235
1769  1005
1765  159
1473  369
1014  1958
852  946
1662  991
383  1923
1760  297
1335  1475
963  1929
163  830
1303  1917
139  1426
1609  1231
1064  46
822  682
205  358
1037  145
487  68
727  1665
1852  1469
1595  1548
1793  658
1536  1676
1590  1925
401  833
1721  1370
790  1842
1738  1962
882  733
373  1196
1798  1854
1918  1722
83  1982
1719  661
1855  63
89  653
1633  319
492  641
1114  402
1459  699
42  1724
1635  1924
564  518
454  1397
601  619
1862  1139
1801  265
1908  975
1369  1728
1136  1083
1605  953
385  578
410  1647
261  1348
1166  1022
72  1644
1117  464
995  285
1161  634
946  1444
1244  672
722  1785
1704  742
1558  348
1340  340
695  1511
1831  737
21  479
1676  208
582  302
1880  1763
1536  86
1116  123
459  903
1699  1286
1007  927
930  945
416  192
121  1372
1300  1731
1514  902
1469  436
1833  409
665  1688
487  1625
1965  120
226  1008
956  1015
1932  1924
1432  1322
1699  1326
770  1662
375  127
1846  886
1090  1576
1115  1665
940  1208
1328  1624
537  290
1297  232
1183  179
720  223
1809  465
1578  792
760  569
251  611
86  1982
1081  1433
1172  1274
1900  408
1981  1354
1883  443
1637  1654
486  1852
1158  300
1985  1147
1649  1497
1213  1517
354  299
1980  205
1288  1669
607  1713
509  22
406  490
1631  1831
1312  345
24  1983
346  829
970  100
755  1720
1160  1464
481  751
1657  567
1632  781
866  704
765  292
192  201
1793  73
1693  719
1066  986
466  399
1509  1137
1276  150
1014  1052
1944  1849
1030  1045
584  1321
1669  1531
232  1444
1746  197
1928  265
608  1681
226  444
195  973
1836  282
1980  1583
1028  161
1446  765
49  1516
1714  1537
777  1949
1450  913
896  935
862  850
1414  684
1989  670
1029  1900
1101  638
687  878
659  1136
1800  1695
1795  1589
415  1986
929  1312
705  1151
1454  808
701  235
1837  1595
520  757
