5000
1162  1147
1355  401
809  1235
12  840
1897  1527
1372  1194
708  637
692  1335
1192  626
239  711
1318  1650
899  222
135  1569
143  1336
208  571
720  226
696  114
1974  621
141  799
1553  1468
962  136
1851  1920
566  754
1459  1980
1406  575
1574  1197
168  145
811  553
47  2
1268  931
468  1299
1626  465
685  333
1529  292
1945  1442
1434  49
1351  575
1607  1873
112  903
245  1247
1765  827
1654  1994
1557  876
1266  633
416  711
300  299
1825  265
24  310
79  1316
628  1269
965  1664
1284  777
63  1218
907  1346
989  1446
120  1259
1175  406
867  1488
1385  189
348  1128
1749  655
1047  1679
525  84
258  18
1651  1436
256  1858
760  185
164  19
1595  1756
599  668
556  662
1542  1533
1261  1374
140  1382
936  80
82  89
1315  1857
1712  1968
1719  1349
1510  1557
96  1338
573  1725
498  481
1140  857
1164  808
740  176
1993  859
677  236
1974  751
462  478
1054  34
1110  1196
1634  402
978  420
524  267
1115  1296
392  839
1106  1566
1766  1058
385  1704
1407  231
1320  1343
765  1722
434  581
1412  944
886  1699
349  1171
269  1960
1657  1358
1317  1559
693  1353
1303  1218
386  994
341  1955
56  1947
1398  395
732  1355
1979  1960
845  1207
229  1718
72  1972
536  1795
1142  859
416  685
1191  685
41  1585
1668  828
1578  1242
233  420
1886  859
1858  186
379  835
1560  789
1201  1313
413  413
432  346
833  1464
1172  1777
1070  1926
1274  520
1189  1309
1988  508
378  1168
1017  222
1717  895
914  1012
1615  899
1275  757
305  1862
267  1415
684  745
43  1705
125  196
303  158
1134  34
168  629
273  873
1404  418
1942  117
1112  100
1870  1798
625  1750
1968  369
1062  1798
1283  1692
749  615
440  1015
597  889
303  619
1796  800
1375  119
333  224
546  1825
292  1836
955  1785
1203  698
222  819
526  810
1553  134
281  1957
1180  776
1888  877
774  1527
273  1670
1767  350
1081  368
765  204
1605  855
523  882
495  295
1115  1270
1373  1045
1449  1873
1394  1730
972  158
521  1476
1071  1575
1139  36
1231  1215
1781  1638
1049  936
945  948
1665  1836
7  881
770  171
821  975
515  321
814  622
653  1528
1037  731
371  177
1828  1826
589  133
554  981
944  1454
984  1778
956  1186
242  1143
1145  1785
1724  334
1585  440
1682  201
577  921
1293  751
406  1254
14  640
249  1641
271  1130
190  376
266  1936
1685  29
1461  734
1378  640
1582  1563
1240  1889
1762  968
1316  1903
1105  1856
60  600
563  509
1866  1765
1906  1755
937  319
1575  412
509  1998
392  415
1425  1499
362  1766
650  330
732  1772
1420  585
1075  1815
1035  386
1047  847
1026  283
1563  1262
1763  401
1139  1396
293  1001
569  1555
314  131
103  231
1053  1681
507  493
341  841
1093  1821
1479  1090
1387  774
1109  620
878  1126
469  1417
1404  1698
544  1245
1374  358
849  322
1522  1793
720  805
1902  1507
610  268
73  1882
856  1340
389  1285
1234  771
1623  1587
201  1408
1598  1459
1894  1045
1773  1980
845  1416
633  454
1516  0
785  1750
1420  1330
818  1057
1582  324
1570  998
408  339
56  745
975  1873
1605  143
1293  536
1751  932
1958  1305
195  1939
352  547
1145  425
1523  691
37  396
407  1126
35  821
88  1734
245  1138
485  1628
1564  1943
36  1628
1465  637
66  62
1284  1208
1533  996
171  1748
1099  982
1225  1358
881  542
1575  1268
1452  401
746  1439
76  52
1977  300
1683  1862
1814  992
812  381
958  60
690  971
1995  818
704  793
342  286
1906  1721
1445  962
639  260
722  752
1224  239
636  393
150  1885
319  725
834  1261
1048  251
1751  911
319  243
322  172
408  1793
1080  1117
1103  1572
876  264
1908  521
0  1553
346  286
430  451
1660  670
1660  439
820  1819
1357  276
1818  1832
548  706
1115  533
942  1750
1955  955
80  686
293  1883
90  1829
1124  1507
949  682
1946  1003
2000  743
428  1988
419  365
1777  1604
518  694
706  731
1199  702
696  245
959  1092
1012  1774
1722  1325
812  1564
1292  578
13  1064
900  584
1511  1295
1037  1629
1860  1640
1037  1019
1548  195
1854  1032
1352  1938
1697  1219
1732  1438
522  308
851  1556
805  220
746  1697
1326  855
1123  189
1753  633
818  37
445  629
117  1309
1008  1626
1190  1935
71  26
1984  803
1757  933
585  297
1319  515
437  77
1976  1861
1054  937
548  764
1  801
606  864
936  78
342  591
718  1260
15  137
1151  1220
1079  311
1429  1504
1605  1372
1260  793
1598  1751
1486  1453
700  85
1821  126
68  552
1837  1112
101  1956
1937  633
1399  393
1090  75
1496  1184
367  1194
201  1767
1445  1848
1433  1080
409  1103
1309  355
1737  1991
945  323
362  1698
120  1371
460  1779
1429  1807
378  323
1122  1752
1352  1858
1193  963
564  532
356  738
1746  1259
1919  1229
100  1154
1820  1793
1335  1676
70  1439
346  595
886  986
257  111
536  1675
1899  1573
646  333
1246  1536
549  1448
1255  1092
1370  697
1572  1324
1533  1373
1374  296
1259  1500
1724  880
1648  1857
572  1544
1071  628
1801  689
1986  549
170  370
1639  601
1571  1639
1278  1981
686  1931
1919  1547
1607  1021
1664  1421
1850  313
967  275
1464  1542
142  575
5  717
601  950
435  380
1782  864
226  500
597  1893
1165  1280
912  1136
410  327
1111  1734
1847  1150
1312  1530
1605  950
413  739
202  1560
352  969
1188  661
419  1033
1371  1525
74  1887
1054  1457
801  524
229  1395
1713  1331
493  1491
805  335
1524  1112
984  1636
653  149
1159  694
1930  871
1383  1232
1023  1226
869  879
1407  953
1873  1
1539  925
657  517
218  106
1274  958
509  1739
1318  1049
450  1690
1175  1376
1394  1276
1574  1191
752  827
1476  1748
309  1648
104  819
499  795
1418  1055
20  304
1781  190
631  1107
262  40
465  1090
622  1543
455  563
1021  412
1166  1532
668  1570
576  1886
1598  1254
1693  1851
834  1289
1668  564
813  1579
781  1485
1471  352
1452  1517
264  1299
275  1979
1537  585
463  154
1289  575
1112  652
712  774
501  873
719  778
1100  562
1069  1604
1791  516
1160  992
1751  213
669  1741
1758  1407
1427  745
486  1870
1488  1560
1308  1953
675  37
550  1044
1327  1550
1307  1605
1054  641
64  1693
1234  856
272  1838
986  488
673  1231
1348  1350
1958  1489
1439  1831
1074  1847
1250  33
492  836
1314  1145
277  945
213  1527
553  1172
1102  1927
179  230
677  1683
440  1603
1386  699
944  599
1319  1971
328  642
1634  159
776  564
1812  1132
39  698
682  1564
1445  1906
1968  1052
922  824
592  214
342  1906
195  1223
1858  338
295  1318
1305  294
1997  29
552  1542
398  1273
573  322
1689  1971
207  920
1048  1572
1767  314
434  1555
678  707
1544  887
366  1708
1699  949
1248  1145
1378  867
1770  885
1140  1073
1832  1098
1199  1090
1245  1729
1815  1696
818  1614
1467  1115
94  1296
1971  1956
1320  1238
1780  1417
1948  936
1808  1178
1944  45
420  1204
817  373
1121  94
518  243
1079  264
634  1323
295  892
851  338
769  525
21  1102
150  670
1725  1063
198  239
1009  1854
402  788
1978  134
648  275
1588  1651
649  1157
714  1412
995  1362
1915  815
107  737
1869  978
1446  342
838  104
349  69
752  1449
919  610
45  1769
1120  1794
1914  1900
436  279
1307  35
1621  1275
1497  134
13  663
1237  1050
1290  1744
1653  1570
780  1368
1984  869
1530  1947
1583  413
349  1112
215  1825
1951  459
1282  1413
1648  505
1889  413
1476  51
1597  1960
1182  1490
1345  33
1302  1101
914  1606
28  1230
785  546
1601  162
1931  818
315  1308
1318  647
1120  1621
1466  1477
577  778
939  261
315  133
545  1277
1255  297
493  1517
1859  1114
1806  1433
872  1525
1103  117
378  1261
1663  230
707  342
1871  377
86  1347
1224  142
1925  851
1034  1972
208  363
59  1291
1501  1687
1105  837
465  677
1466  189
163  1779
106  1146
691  1405
1687  1504
14  1329
47  377
278  739
348  259
1830  1856
1314  211
569  1381
1210  51
988  1082
889  1133
377  1514
916  1072
783  1873
570  6
1805  920
668  1474
1096  389
1964  1535
1290  443
26  1715
412  1851
847  1773
487  299
976  252
537  780
1346  1277
625  824
1301  676
1148  781
870  22
62  17
707  2000
923  1828
1200  1193
1537  404
1429  1620
474  1417
1082  1473
1043  556
549  1154
868  1675
1027  1321
963  768
1040  1606
1168  268
1397  1888
1187  534
541  1554
1343  1775
1761  1305
283  314
569  1713
1902  1595
147  364
599  736
362  913
1247  75
595  808
1188  851
1662  1462
478  715
1619  670
1221  1791
869  351
93  1985
61  1056
1219  27
4  1990
1849  1434
1752  799
1149  1763
530  1277
1509  802
1229  1578
1346  1918
349  1240
917  958
989  1294
460  1147
112  155
7  242
813  944
1974  1730
357  1651
1822  244
1178  2
1862  273
1674  1528
806  1504
172  1030
523  823
855  828
1416  604
535  1338
156  1039
678  1470
105  967
1630  596
1968  1993
1967  626
466  562
1689  1761
1637  38
796  821
254  1809
873  1112
253  1565
309  103
89  1477
1645  1667
958  1748
545  1471
396  116
1368  714
1000  891
1162  1414
265  22
539  239
107  711
1190  1726
1325  601
1998  383
1624  1902
170  792
672  1177
68  909
519  667
1527  684
1137  233
361  1422
1598  276
1663  1111
76  1371
460  593
434  74
221  104
766  1316
112  1433
916  661
1837  440
350  624
246  417
1878  559
1403  1143
790  484
1210  1584
1953  350
1942  1036
1396  910
1433  1499
725  1114
1901  1099
1097  178
297  1794
1639  751
1064  1394
635  1296
1548  463
901  1589
578  1426
1675  1030
21  179
290  1026
1290  459
674  144
999  785
940  1555
61  1259
489  742
1364  1569
754  949
1344  1092
216  1759
725  546
1786  1364
1950  1550
1705  675
691  525
1259  908
599  323
1902  1092
1066  584
917  1209
1617  1576
1645  666
1534  500
1079  1023
1823  436
1002  784
1291  227
1356  517
1988  628
1604  1288
1103  962
233  92
1612  1527
1123  387
1748  320
367  1103
957  211
896  670
1277  780
1943  1671
1335  106
284  1483
1027  236
1630  716
318  553
23  939
773  1326
1582  1909
251  172
1065  1806
1408  534
651  1609
500  297
718  1924
269  1532
1967  1360
1979  611
687  1621
1828  1312
253  1208
563  969
106  1842
41  1003
1883  128
267  1814
1491  1674
1813  1432
47  366
1903  1575
1280  1288
925  1862
1211  291
767  1974
394  1122
85  1776
1165  1484
1429  1
950  302
754  1889
648  881
227  1306
321  52
750  599
390  213
1755  1857
1598  1544
213  36
1465  1612
1886  1908
610  12
637  924
511  754
1722  533
53  1620
881  727
278  115
718  1417
427  1783
1897  9
488  1404
968  293
1795  556
1179  784
248  1078
1266  1686
1026  239
1658  352
31  1672
1076  631
76  1247
1208  1024
1547  1406
1061  1719
1194  155
502  675
1935  1588
490  1911
1002  1489
354  1911
720  287
942  474
175  1053
1150  1022
1855  1702
882  1192
1298  1025
269  1733
169  264
904  246
659  888
1489  1767
1097  965
445  1839
583  570
734  1913
1696  359
1842  229
1702  1545
197  1766
1517  1753
887  1928
864  1597
952  863
511  1792
1598  1362
545  981
715  574
164  596
696  509
1571  1692
1216  501
1590  1774
1602  51
3  351
1154  1043
934  1060
1902  720
234  345
1136  51
1645  1727
1622  1970
1020  1580
927  1325
1503  674
661  1788
1423  1814
728  1873
286  1219
1532  1147
1882  304
994  1790
1620  841
822  1503
740  1839
1138  1810
1766  150
1663  1590
1543  1511
366  241
1041  171
200  835
1292  1252
100  1531
1109  757
1145  591
702  439
266  1606
1826  1225
1322  1770
1120  878
176  1875
811  1898
333  1435
1419  701
309  1538
787  1097
1872  561
125  1947
567  1934
1421  1353
1813  1340
379  1994
1196  397
1807  1872
146  376
1939  159
502  785
385  600
61  1065
1997  1190
1673  72
1056  1433
559  1809
515  1770
1237  626
52  1952
406  570
1178  1723
652  1693
1360  1496
150  1803
226  1978
70  109
311  1039
1934  381
1530  957
1891  55
394  170
318  369
160  1370
1717  178
890  548
1912  1753
1336  868
1315  1346
968  1411
842  810
319  840
653  1656
1976  1831
1352  1656
561  1602
101  2000
530  787
423  1435
1776  301
1371  318
683  1857
992  526
519  1141
1102  1458
1052  538
1640  757
248  1791
476  641
772  174
1006  1714
484  1583
1787  1326
1346  2
601  795
397  672
1600  1176
1851  8
643  1716
129  1432
423  1070
891  746
1231  1565
1596  936
795  577
650  868
508  442
1823  1666
218  542
756  1945
927  1172
433  788
1770  1676
1809  1713
727  11
900  992
369  1523
742  1313
250  510
683  201
841  301
1642  617
1530  643
808  1532
1634  687
307  1970
1257  1825
1995  490
987  759
1707  1641
988  1910
1370  950
1973  1627
1778  15
1051  526
1208  1888
896  512
874  1746
94  1360
960  1612
1198  1672
1458  104
1094  1529
640  647
1400  314
350  978
1419  369
1367  1667
107  14
513  1177
328  383
1999  619
648  688
499  1711
995  189
1308  576
1909  1541
942  1626
262  82
1342  1665
899  642
728  1492
1286  878
1467  1256
319  16
1243  723
894  974
5  315
375  1074
1413  1333
1974  306
1050  1356
1314  1707
1382  548
1464  1956
162  1169
1993  1437
1209  1635
869  1854
1203  696
573  359
832  731
1518  1908
850  1474
1656  447
799  61
391  862
382  659
314  834
1237  1840
438  476
1895  751
1247  522
1738  1394
858  85
2000  302
382  522
74  333
1873  640
821  1489
327  466
1490  1925
1047  1822
1286  395
568  1655
424  1886
1033  505
831  574
785  769
1811  1176
857  73
56  30
784  670
1493  1287
1004  638
658  1877
1984  425
194  195
1700  903
1041  363
1339  590
948  81
898  1030
862  71
1137  1350
496  921
455  396
801  138
563  461
1150  1266
615  198
935  285
135  1788
900  769
683  1184
185  1340
1342  1807
695  116
1173  936
1291  576
87  597
1535  812
1611  226
661  467
636  1552
663  1977
551  1604
915  932
459  310
651  884
1376  1306
657  1754
320  1767
1591  1031
555  1497
1736  391
1177  1109
928  1413
1285  281
1160  171
924  1695
1742  246
1387  319
1819  568
618  601
1988  1580
113  782
1143  990
1518  1165
1559  97
119  611
1582  1053
1635  1586
107  351
1504  815
1794  1310
466  942
1874  691
227  1227
949  1520
83  306
445  1055
314  274
590  94
60  1678
1801  853
1933  1439
705  1869
109  1764
383  368
449  111
778  1191
717  872
1616  737
857  462
764  460
572  1875
682  403
1954  1547
1708  546
1854  1746
1562  387
393  133
1594  1170
1084  522
1814  1953
1202  1353
1928  1183
877  54
127  864
152  19
886  1281
893  1336
1630  1017
1266  74
734  257
545  1575
1489  643
1466  938
1667  1759
645  576
380  29
474  890
1190  847
1230  1797
1306  1828
1232  148
583  245
363  455
837  905
896  1407
1534  1832
1145  837
1000  118
448  1399
1182  1988
1250  840
813  670
1463  1149
1239  1067
1537  805
340  1279
1969  494
1374  1753
1085  959
1407  1251
803  698
1705  976
681  1433
1838  1200
481  466
1199  1975
1943  543
1567  279
465  1159
1407  578
1028  1228
14  1884
1532  1902
141  278
305  1090
1258  476
1190  1736
1991  602
563  1609
1687  1094
1174  507
1734  1752
932  833
45  581
1498  1188
1518  1286
1080  1588
1494  454
1511  236
507  760
791  1652
412  520
306  1762
539  1686
488  752
307  1217
1840  797
605  1361
1705  578
390  268
932  1045
149  184
294  415
248  166
1055  1741
1808  646
1988  66
50  1215
867  346
1931  1671
760  109
1712  866
1242  1733
1100  501
1714  1924
700  492
1616  1625
854  769
734  1605
108  1504
1848  343
1483  1764
1711  325
899  1199
494  1811
1556  913
105  1547
1454  87
1425  1769
854  693
345  1544
1193  1914
1824  918
929  862
1434  1417
1307  1516
532  657
813  395
1451  1524
38  76
1544  22
1416  1553
310  1129
1454  1119
424  777
1735  1149
617  1879
1385  1738
1783  1672
621  671
976  1072
224  778
962  337
1298  838
441  189
763  111
604  361
492  1076
823  548
841  154
1563  1689
157  1413
779  1533
1683  1228
1464  668
1517  1357
127  1027
1355  996
897  281
1187  11
1405  150
28  1023
1977  1098
709  585
20  22
744  212
1940  551
1517  1649
447  849
764  1103
339  272
1028  249
194  300
1886  376
1698  1378
1149  707
678  516
1489  211
22  221
461  958
1144  984
1786  1876
1535  1222
496  684
365  102
526  662
889  153
1478  1134
376  1322
1940  1290
107  1844
402  658
1594  376
555  975
1143  962
1740  88
746  1749
1995  1029
1001  866
435  354
272  1603
302  1469
206  246
790  1801
424  664
15  566
485  1395
555  1694
1076  1459
1354  961
1226  1101
337  1346
1303  593
94  470
1748  1237
1209  1873
1058  657
1023  1799
180  1901
1588  666
1821  814
660  1368
1969  1652
1099  1518
1347  469
1938  1323
642  905
1631  751
1060  1706
765  1237
802  1664
1471  1704
1950  1168
226  532
1420  858
21  1844
695  1237
1507  267
670  1234
1193  1742
601  731
412  826
971  486
1642  1890
245  242
749  1832
1773  450
929  673
404  1779
639  31
1725  721
1126  325
190  1174
1328  1540
1241  367
993  110
1086  297
285  58
1189  674
767  1665
202  478
572  1042
1013  1617
1103  1406
1174  1712
552  746
1553  667
820  985
1077  1393
899  1785
1619  13
1117  1066
1676  1448
551  1934
1055  1447
1011  1272
214  1537
1998  1439
355  278
1253  1900
394  1336
739  1601
172  463
524  806
1849  1076
1148  1515
1419  1821
1310  1885
1726  1724
981  1431
1831  1011
772  1557
218  456
1196  381
491  661
45  1735
444  1637
48  1792
1851  1115
1797  1158
1792  697
134  399
1305  1990
138  777
1091  522
1482  1885
1391  1526
1366  1657
1996  791
1688  1696
1216  1752
376  1084
1117  1162
1023  126
1175  1147
421  1904
1253  850
1749  1148
441  27
1815  1150
1145  1186
898  1149
1063  1078
270  284
113  419
328  1238
1240  1886
1658  1868
237  1815
465  825
1608  691
600  1189
579  364
957  1652
1850  590
1390  852
765  226
1082  874
1767  1809
1757  1
657  484
284  846
1161  729
1115  871
1466  760
1132  1324
1061  1592
1379  357
1694  495
571  716
1059  1864
536  859
876  367
122  1298
1178  38
1320  574
599  1409
57  1876
1912  983
540  728
1174  1006
1876  870
134  967
1672  720
1608  915
1813  81
921  909
1945  452
557  569
1257  13
1872  651
865  529
1376  1388
1947  1238
295  384
1512  1739
1367  759
1728  1664
1840  62
1857  1625
1945  1875
1686  1085
88  1506
982  1582
1575  1005
467  575
1519  1928
1355  93
518  980
112  649
885  97
252  1484
148  1887
535  1068
1341  1667
1271  299
138  1671
1289  623
928  818
61  321
455  225
1627  1010
1607  876
1552  908
275  241
1492  174
1668  1101
943  1301
1537  1753
382  908
75  922
1220  1792
1331  747
309  954
1374  57
400  435
12  234
1986  1608
117  205
389  1579
1468  175
1703  1528
789  676
1444  1206
1451  1097
1177  1233
496  1851
1729  257
691  1138
774  1943
161  995
565  686
660  164
180  1040
1995  941
1941  540
1797  364
922  565
828  170
352  974
1471  1053
1263  1065
1295  971
1535  1146
977  649
865  459
1286  1478
1322  1619
1966  1488
1530  545
1898  1937
1812  84
1710  1891
461  1993
1033  133
136  425
173  794
1680  811
1642  784
1978  1081
366  1108
1248  619
73  1890
1977  1938
725  1520
1139  1089
697  646
339  290
950  1359
487  1479
1826  839
211  1164
1992  1429
174  1214
1852  697
1380  745
1202  1042
1274  33
1332  1076
922  1581
150  274
1241  1784
590  556
412  1232
544  1463
512  150
1146  1263
306  1437
1612  538
593  335
434  865
1488  1887
1354  536
1395  247
424  823
1991  1277
285  1628
503  1816
1319  163
1744  184
1852  1178
444  1382
903  1560
445  642
1878  601
1852  1343
1436  1194
1320  1476
306  1486
419  1301
594  1982
1391  685
652  80
1956  410
918  1046
1165  1436
1955  791
1009  1430
960  1864
1288  1753
1756  1827
1546  1962
1842  710
598  371
1750  1627
1778  699
963  1167
234  1729
1912  1718
1672  132
1408  760
1568  66
330  595
1835  1685
756  1912
1164  759
1023  1572
1206  263
1117  874
963  1473
1743  1295
225  1080
1393  756
258  560
86  1451
512  576
1280  576
1635  619
1504  1240
472  71
214  1617
1786  1444
925  603
1603  1237
96  591
1788  700
1740  82
163  1395
1724  1051
1038  1648
815  699
1689  650
98  996
335  1917
1671  1071
1659  1151
1950  647
1663  1528
662  726
1105  1722
573  413
146  1800
973  1745
728  1711
204  429
879  1250
198  1719
1004  747
956  78
1529  1688
14  1027
1434  1912
1292  1079
939  1431
1466  272
189  1170
1137  1566
1650  1835
536  1624
857  932
1679  1226
1696  628
1335  1370
280  1081
576  701
1846  513
246  1723
381  879
736  215
1955  761
1968  1204
340  1754
46  1530
382  1526
1086  593
213  609
322  65
316  1556
52  1353
1876  508
1801  1368
586  1938
1026  1311
1029  795
531  127
417  263
1993  157
174  399
507  630
920  1232
1521  1247
694  676
1476  1125
568  1345
1553  151
633  70
1206  133
295  1513
1130  282
1242  1515
62  878
1679  1864
249  1617
1105  1028
1282  1323
1972  1963
256  1256
555  1518
672  36
670  251
1338  947
777  741
1835  301
654  485
1160  976
758  988
1412  407
193  570
462  215
1466  1507
861  1686
719  1128
812  97
1291  180
336  413
313  1966
157  1137
1066  1357
544  879
1873  276
1896  264
1231  153
767  531
1024  837
1215  291
153  1308
267  338
1260  1509
640  1816
1229  1284
125  1919
1499  54
1797  1479
705  1640
211  1317
946  1560
1984  1365
1048  870
856  1678
1524  1770
1287  339
586  1171
67  1889
1108  1356
130  1422
363  22
1095  12
1163  471
1756  1822
1338  481
1875  879
918  973
1256  1201
1658  248
1150  1761
112  1443
1312  1126
659  1310
1510  607
529  1356
1530  924
1720  1383
1781  800
935  777
27  40
1992  813
551  25
383  1057
219  1808
231  1207
1373  1296
622  1516
1574  94
1699  1549
1538  1762
1121  1458
366  1592
406  842
963  773
1875  1157
475  1481
0  608
84  1619
1867  324
755  699
568  421
38  724
916  450
345  573
496  754
553  1012
1881  1197
526  1086
495  367
1111  1249
287  1270
261  1085
948  961
1703  1372
727  791
1183  680
954  6
26  129
1215  1723
498  270
502  337
645  993
1288  804
1953  1241
1251  636
303  758
1765  1391
677  1724
1110  1541
963  213
1207  1301
1895  1944
312  1679
1423  161
496  1483
394  467
1884  288
207  1329
1485  1710
1236  1871
325  447
90  90
171  1097
1163  49
418  1988
1509  1860
964  1843
1895  1706
1762  878
1103  1653
573  1791
501  269
1866  1934
225  520
1204  988
506  1322
872  586
1169  115
435  1563
115  1885
1992  1542
1637  1166
1158  1649
442  533
1994  284
1549  1638
41  1507
1927  1517
549  775
1449  480
1320  114
410  776
782  505
1983  482
606  430
225  1548
1458  1756
1705  86
1474  1959
1798  1200
1649  457
475  1390
188  1586
1612  1295
404  311
1873  272
1880  897
800  1438
38  1033
856  1604
344  349
978  985
486  1417
1264  669
793  1118
921  404
807  153
783  1904
500  1698
721  1937
800  327
1381  205
1463  837
146  401
1899  1701
1310  906
911  311
1842  263
1606  1357
20  1737
947  659
783  567
1611  334
1293  1074
1110  1728
519  1919
197  1194
99  1069
387  1475
989  987
288  213
1388  900
1509  968
189  1860
53  184
1188  1698
1292  1574
1704  708
781  1665
352  1700
446  1170
1395  1721
88  1641
217  1372
1270  36
950  451
1481  1166
1119  671
99  785
914  1804
844  810
669  1067
305  47
957  1605
118  643
1687  901
490  954
229  1243
229  1156
652  1574
1603  1954
1206  873
833  962
1477  747
1084  499
1688  1417
1200  1805
817  1857
1367  1253
1430  279
1346  1807
1896  613
360  240
1569  1287
1566  1523
1082  647
355  1180
319  1509
1532  270
1706  594
60  1575
1640  36
699  586
510  1964
605  167
736  1212
845  1333
1493  1572
526  248
1173  1661
892  1759
644  484
921  724
476  442
1184  952
688  1597
1771  349
1472  1919
673  182
1902  1168
1904  1783
596  1471
1181  1525
1468  1953
1155  628
479  1174
1812  1979
824  1133
1105  336
1081  261
65  743
971  848
359  1377
285  297
1093  1740
442  271
290  1793
1943  1190
279  1233
54  655
1757  956
1784  446
1514  1581
1066  1568
690  1300
856  1659
1688  629
1240  1170
315  806
1862  307
1152  31
697  963
1475  1902
512  1191
91  1420
1739  253
1772  1546
6  505
1985  192
1542  349
918  1588
1213  738
754  578
746  243
711  195
837  1283
1423  1833
1453  1551
1386  1035
207  1543
208  211
1705  332
1203  1880
1927  320
174  1718
1707  1060
34  680
490  740
1713  724
1199  1417
76  1343
1670  1322
1634  140
949  99
1478  138
1598  72
1866  1465
444  1139
1530  695
870  1187
895  1698
1454  545
1945  1325
1978  967
327  740
696  1008
1561  394
1241  568
1623  956
473  1220
1245  1985
634  1492
1786  681
1515  1810
1001  918
1038  1985
1530  1412
462  216
584  97
11  1809
172  1505
1650  242
1895  371
1740  1475
1221  33
1338  1682
1813  715
315  1587
1597  517
1402  85
1832  1021
116  609
1019  1218
203  815
905  1494
1649  1629
689  856
1888  1890
41  1145
1754  200
826  1926
198  1155
0  424
1675  765
1434  811
926  985
1447  1094
1242  64
1437  1371
1010  1196
1067  357
1068  1790
1768  1134
295  1625
1365  849
587  654
1592  32
1189  742
1939  1984
66  509
1247  1800
1689  205
1019  997
1033  277
1892  1877
277  336
1151  950
130  1676
1429  98
894  1549
115  310
1306  920
417  116
1182  723
1194  1235
948  76
1494  1570
770  614
1332  1649
684  78
1738  821
272  1307
1058  191
319  671
1149  1959
252  1176
1965  735
1576  697
256  1333
283  180
1165  583
207  848
1888  404
307  831
400  987
965  795
1802  547
1844  519
400  1810
1447  1296
1010  508
1115  1613
1243  816
1137  692
937  784
1876  18
1634  621
1222  721
1180  1163
492  304
634  1634
1326  282
980  597
1287  1033
43  1767
169  1498
269  1441
222  1194
1529  1918
1654  300
1546  507
1629  1448
1633  875
1390  1185
829  1625
145  63
1731  1120
1960  943
737  1756
243  754
1935  1828
1923  1448
123  1039
1703  1120
1335  1408
1222  55
1084  1693
726  1300
461  1940
112  1642
1783  1835
728  231
312  738
181  112
1136  1871
416  731
1983  1073
616  1957
349  273
1385  616
1718  1266
1544  1234
1105  921
1765  118
444  1216
597  1889
312  41
347  1484
1740  424
749  1170
955  705
1115  302
1552  71
35  740
901  1692
694  487
412  1695
1558  981
1655  1063
1788  867
522  543
1848  571
1265  666
48  1852
1569  1311
554  1589
230  501
510  794
826  1292
1219  1000
389  1718
1047  1450
788  1088
1129  277
784  1720
1249  883
1322  1346
1077  1842
1048  1066
1065  999
998  760
1920  949
1907  114
1929  423
1461  891
679  1243
1916  116
251  1874
1412  912
171  642
1922  1831
1537  682
1880  358
1194  301
941  476
1213  1937
1470  683
326  1444
1388  1190
1010  335
15  158
96  1736
1184  1542
751  382
1640  418
508  1143
1740  1670
1204  1872
197  52
85  49
1226  432
1684  1391
1325  1654
247  886
237  215
1735  537
1150  1919
1269  1231
1534  1453
119  133
885  1202
674  630
128  273
1972  1454
1718  1821
1499  1855
273  141
414  1508
4  691
669  467
1602  705
1162  911
274  408
802  1961
921  508
289  1016
960  946
1702  1382
1670  1662
1496  1945
971  96
1016  336
618  155
49  1942
1900  670
1782  302
1179  152
898  998
868  389
322  1001
593  1630
155  21
1479  68
1418  676
1411  1511
363  605
25  1053
1444  1935
843  1217
365  962
1381  344
1469  513
266  1293
1872  941
1115  747
1772  1743
639  588
657  1792
39  1649
1507  920
1275  1941
13  1252
337  261
269  1032
90  1727
860  425
1891  1576
362  237
945  1679
461  1059
81  1341
375  570
1436  982
1259  468
885  64
183  149
920  1794
177  613
772  100
1652  1866
1472  825
627  1758
241  559
1265  1397
1427  769
1713  847
1157  1912
1525  933
697  1247
699  1012
1952  1038
330  1891
1516  749
816  1129
1042  1595
1795  294
1780  1707
906  1695
1272  1969
799  33
280  191
1054  1941
1120  508
1476  906
710  720
505  716
439  1416
411  1829
578  202
1353  568
1266  70
12  14
270  1997
1562  1203
1091  1983
1490  1831
863  390
1876  1813
75  1858
701  63
10  1500
993  1540
1620  1270
1843  684
38  1531
457  979
1470  432
1261  787
1569  1184
1373  1048
684  1418
1458  1295
351  1445
1557  1209
569  339
1408  1694
1044  1787
1144  947
653  1448
259  1615
1662  1921
1391  409
7  1847
1168  570
675  1661
863  410
1715  503
944  808
1214  1744
1601  137
773  1097
450  405
926  255
1426  534
1087  1600
1153  762
1027  648
1177  1384
187  1029
473  1527
329  1614
407  1793
1499  1969
512  1381
233  1014
644  1282
1894  933
1726  266
1986  1794
777  412
442  1519
402  664
1818  48
54  1742
1665  1461
631  1845
1560  356
1117  1002
1960  1544
432  1893
1108  746
1581  1072
931  470
264  69
1991  1983
14  1303
879  363
1385  1505
1234  1346
1666  1073
1720  1519
1584  1564
1656  687
1307  196
1409  1444
604  1707
1272  439
945  1904
847  1674
131  1935
1959  1894
249  530
335  479
626  131
828  1744
1324  1999
986  1940
1949  1112
1665  1091
1193  312
576  412
1694  1951
434  253
242  1075
280  4
1025  150
935  354
1196  1932
958  1908
953  193
848  1904
813  106
1504  864
1329  1365
1459  793
1028  1525
786  1933
1838  876
735  1480
71  1377
1413  1308
1704  1460
937  1579
1965  290
858  1368
29  435
1242  98
1723  1410
1647  208
1062  1231
724  1690
1886  188
591  1818
1509  114
1060  1237
212  918
474  1219
865  482
1651  538
486  1976
944  1871
68  332
1082  1385
540  991
377  516
666  1992
1129  1153
310  1002
1394  820
58  1146
1406  459
1834  397
53  215
1476  1879
653  1641
89  1149
733  1310
518  825
1659  1318
1981  1203
278  1324
1757  988
1740  1721
1831  1202
427  537
404  59
1555  704
1290  1224
498  1321
1254  1123
936  1017
1900  154
1426  1203
888  1031
454  243
1151  760
1643  171
782  399
440  283
632  1597
1128  1995
982  861
1316  1797
183  333
130  917
1161  1481
1719  1920
1872  1405
1101  1400
572  450
1482  1056
1288  963
1224  149
1089  631
884  1102
1859  1544
1812  1472
266  457
1609  651
779  903
338  1609
1296  302
407  1627
1394  966
1473  809
114  379
1825  1253
1261  49
221  1887
1705  16
1253  494
1911  1884
484  1522
1311  986
515  1123
1217  226
739  1577
702  1687
1619  1760
1625  926
376  1217
8  1030
36  1234
1652  725
1889  397
1470  937
1904  1127
1435  560
797  894
153  545
64  211
148  1609
1792  266
1382  987
1968  33
363  1700
303  109
1211  1799
1317  250
1958  1253
1058  1482
1972  373
925  447
399  167
787  546
36  824
1562  1815
1680  87
866  131
278  1421
1913  1857
174  320
903  530
199  639
145  26
87  1911
494  610
1207  1843
918  139
294  1503
961  525
1581  1086
491  1383
667  1982
752  530
608  746
858  836
263  1172
735  1427
1900  1228
718  1837
748  224
1986  1324
50  378
1761  1966
1961  877
1078  1317
1153  838
1466  494
1973  1256
781  279
479  1608
85  78
889  221
1508  1065
1938  1664
1115  933
1731  536
655  1922
1882  874
1175  1002
1012  110
1911  1982
336  98
302  1721
845  896
921  700
306  1991
1720  472
1853  470
1760  490
913  1239
1628  842
324  1802
946  1947
825  1302
547  33
370  769
1841  516
1968  1056
1239  170
158  1895
1217  1778
402  883
370  691
1662  1288
1429  982
172  235
1593  1740
1074  1860
1730  425
1269  1656
1053  77
896  959
654  1465
634  128
1347  88
1918  793
1485  805
1212  1043
1267  1069
52  532
1175  866
785  1926
1747  1075
1943  1882
143  418
1159  1440
1512  1200
807  575
540  512
962  450
88  1922
1509  309
1407  1852
919  736
1997  1249
1193  1618
1300  1318
149  1117
1452  772
1466  267
1485  1643
1843  826
202  1640
512  1607
1921  1734
1940  1694
506  1890
1981  1115
767  42
851  1027
1391  1432
269  1534
1450  1068
103  966
1662  1473
773  762
1791  900
1413  382
902  861
1331  538
110  68
1181  1090
85  1784
69  1901
883  1785
804  63
285  1268
641  1158
1566  372
998  220
869  583
943  280
1403  971
876  502
73  1948
1982  1941
1546  1471
1155  962
1468  1076
922  1239
840  1150
1333  830
648  356
1062  1539
1480  1145
1928  1089
981  712
995  258
729  107
560  1640
791  808
1230  1480
1203  759
996  1922
993  1552
56  1044
1812  1604
364  1678
1634  336
1216  197
268  1830
1417  1721
94  34
925  953
929  1113
1897  76
1058  950
268  1243
1068  240
1531  951
1134  1686
13  330
1034  803
1771  1683
1733  741
979  1771
209  793
1300  1918
1636  78
33  1907
1550  1996
1672  732
1836  1307
1580  1266
625  833
1022  851
116  842
858  1387
541  1878
1331  104
177  539
561  397
885  732
283  382
1910  1321
849  444
1354  1401
574  1976
1039  1320
1313  1655
171  1796
382  1959
918  1704
1678  1779
1212  96
1839  1566
1348  512
1053  133
1443  1802
192  121
1780  929
1569  801
1322  100
344  207
1212  763
356  909
344  800
1086  1823
1350  1109
1535  295
1066  1752
961  1889
278  747
438  159
1182  194
1343  1858
1338  125
264  495
1194  1812
1435  1281
1048  387
1707  22
1111  635
796  224
77  1538
891  724
408  789
1159  1348
1477  828
11  782
513  1489
1420  1472
735  695
1181  1792
734  525
686  1981
526  306
234  1748
1817  953
1919  406
1066  1628
1012  1359
104  820
1183  1992
217  945
631  292
838  1014
1571  1092
1011  416
1259  1210
435  347
1035  739
509  1670
989  375
327  286
1058  923
1678  1129
439  120
393  973
207  1439
562  1259
1549  428
408  429
16  1710
212  968
1990  1692
1090  274
455  339
1619  474
1723  60
574  67
1820  1207
1473  1090
284  875
1994  844
876  309
1608  1208
1617  867
251  1030
14  1397
1420  1012
1532  108
1280  1013
1492  422
346  18
414  1558
1771  1626
445  1751
1375  913
600  1527
402  1027
888  1209
821  1363
0  106
1671  1810
946  264
1113  415
638  568
1685  528
1444  553
1336  1166
1301  340
229  1057
1669  157
1832  995
988  1088
815  1062
1471  959
1435  1805
287  797
1648  189
136  875
1374  993
1424  64
1082  1107
1260  1981
699  190
1304  687
1530  123
1802  274
196  1444
985  1353
1736  1176
1351  1825
167  1236
1789  926
1722  761
1971  422
171  1839
1109  1985
1770  1183
903  301
1129  1882
1654  692
894  1422
1491  757
786  819
1025  1043
1377  242
1094  26
1325  1009
1108  701
281  1314
803  402
1037  1936
8  1670
119  1075
366  1638
873  1799
1054  1681
1251  908
52  1874
824  834
1624  501
409  1835
569  1561
1309  1049
682  1848
112  1025
772  1204
734  1711
319  1044
1002  460
424  1875
416  1260
1716  1809
1112  1533
727  645
1002  1214
581  1286
1233  340
1783  1239
1866  981
306  8
433  1590
1940  1785
1468  1069
473  1268
206  1668
1692  1121
1747  773
276  1685
1912  632
127  1180
240  1163
1052  1167
219  184
311  1817
168  947
1115  1577
346  1644
1621  459
555  1744
36  1038
1841  720
1479  618
153  246
1628  161
1447  1471
1782  1726
611  1954
1199  76
1308  764
548  544
1289  1332
1619  1816
763  1163
99  138
1697  1007
779  902
269  1218
1724  134
294  1203
1819  1094
1214  1176
1407  1765
742  443
135  1319
391  1154
194  186
444  615
1474  267
1458  738
624  1893
264  1149
674  1282
537  1544
1679  1194
155  902
396  1913
31  20
74  1066
1489  353
1461  441
1179  751
1569  1896
45  1361
39  1332
343  1386
8  951
1891  322
1178  1330
918  379
523  1694
592  739
1876  87
45  177
195  1555
1618  138
770  194
1655  764
1372  500
1136  1864
1828  1417
810  153
538  1100
1804  1917
64  681
774  562
37  554
1588  591
546  1778
1845  63
1076  1189
1004  1896
898  1211
638  1280
578  1916
388  1464
730  80
300  720
655  186
1674  136
902  1756
402  1739
1155  1436
1658  1506
409  38
1773  468
927  454
1617  1905
11  1846
1158  1619
980  875
1341  191
328  968
1879  422
1770  1873
1597  425
648  347
669  1280
818  556
1615  1288
1087  1675
470  1054
334  1787
108  1572
1965  216
1704  1654
1103  25
1714  812
1987  827
1403  1020
1905  632
1436  499
1453  1322
523  89
983  1712
812  1461
595  21
1343  641
1298  228
1084  638
496  1796
1446  1816
1646  922
405  26
1482  1987
1815  1625
30  6
1107  135
654  617
1295  1018
409  1382
38  1317
1000  1786
1967  1079
1493  689
723  1138
602  1748
262  667
1037  1255
166  763
857  1046
1379  144
1071  1623
1575  262
876  1551
1911  1015
1629  1057
1160  100
775  448
1835  13
528  889
1435  585
1699  1928
457  540
1445  480
414  48
856  495
786  1819
646  488
1036  26
1805  205
1291  721
1423  1266
1802  1353
1427  1927
1435  1526
1665  1141
60  144
503  1306
686  1984
788  1979
1710  754
1689  1378
375  392
1674  1294
1885  1859
1466  1190
1264  1010
1747  393
1946  1187
1913  1537
1796  46
788  362
192  1740
968  1139
1603  1939
1198  1822
1776  275
1645  1954
782  355
1045  500
1000  535
67  1494
1946  1740
307  658
468  811
871  1883
1341  489
1511  171
885  1148
338  1619
487  90
673  891
1333  64
230  95
1783  936
684  424
620  1765
451  1716
1259  1172
739  186
1334  1690
1300  967
1808  588
1195  1500
1495  1443
182  1242
240  1651
261  1708
760  1192
565  1800
197  258
1267  1402
554  1587
1555  189
580  1590
1004  1452
1390  1240
1293  434
1558  534
1268  1426
237  678
1646  1647
1646  1017
43  842
1100  111
477  301
1637  139
1088  666
873  163
979  1567
1889  1083
103  361
530  619
481  1180
1393  710
1885  1378
1780  1718
116  583
18  1809
1708  493
1128  798
552  1985
1028  1910
1130  1519
1316  873
1966  297
483  1387
752  1593
243  802
978  117
1951  1595
1954  456
1723  1785
1228  355
1973  749
97  1728
242  1837
1923  70
1559  1115
798  1909
1616  542
116  1800
1569  810
1726  925
451  413
394  886
1357  290
366  353
440  661
288  418
796  601
1892  1383
263  260
1180  347
198  1823
1744  851
1461  42
252  877
1846  778
249  454
934  1400
1343  1718
618  1022
1532  629
578  1304
10  978
811  363
1796  1028
1719  333
574  1024
695  1433
1069  234
691  1472
427  757
400  1482
1947  85
879  1910
173  1051
767  143
433  1770
1243  515
1643  1164
1950  1196
1142  1110
1278  1028
1181  1860
983  97
1997  174
558  1817
1885  1454
931  1877
1408  1316
1363  1041
1719  1902
157  759
1002  669
1476  1054
490  1037
915  759
1219  868
1022  126
1162  1527
1654  1392
1841  711
1794  1264
982  1943
1644  1549
605  1922
974  1086
924  943
1836  628
464  723
4  765
853  261
196  1539
1175  1991
359  977
1589  1092
768  452
1324  161
1649  310
1081  426
1519  413
647  1730
357  1191
1183  1836
1884  396
416  244
518  1960
633  784
788  693
315  575
1779  1398
1212  656
1577  1923
11  537
1289  1601
980  181
1297  420
323  530
1214  1066
399  1347
12  1888
1324  640
1809  871
1808  1946
1001  1683
463  1335
701  1294
42  802
852  345
115  428
304  264
1262  1123
1962  70
738  316
34  1755
979  1473
1261  792
1226  1931
359  618
1425  374
109  656
1478  1981
1583  932
1306  917
804  1177
1344  949
934  489
1534  1079
990  1747
257  1247
1587  1079
1184  280
794  1282
495  532
1658  176
1346  725
680  1133
48  807
1462  1430
472  428
765  1120
858  1944
1422  620
1558  1970
1063  519
1836  1088
749  824
1186  1460
1525  1967
899  55
3  1357
1238  1128
1032  209
1603  1038
574  1770
1126  596
736  1059
1214  1313
1082  9
1499  990
247  1349
1778  1606
1483  523
1520  1523
1030  1221
1225  893
432  167
1036  172
160  118
409  299
662  435
1368  1673
411  1955
862  774
764  886
925  1872
628  714
525  1573
1550  797
1690  156
1126  414
788  613
728  187
231  985
58  971
773  358
1852  715
1063  430
1693  781
574  1275
1353  1118
1263  1940
116  1816
311  1145
363  1547
6  194
1314  314
1834  474
829  308
1515  1405
164  960
1699  1169
1644  386
909  935
269  1337
1192  327
53  1671
866  1858
1509  164
1966  1836
380  1878
42  333
227  376
28  375
93  1967
1506  749
505  1031
1584  756
540  929
1294  203
1431  1911
754  659
1951  1860
1277  638
1616  1004
802  901
1916  1161
990  248
597  530
1540  1578
1406  295
1391  200
1901  905
1180  1387
865  67
1405  1784
1683  1823
595  553
912  359
531  1909
948  1939
1103  521
537  1263
1889  848
393  1158
1909  406
504  1196
1202  719
1238  765
1024  372
1943  353
963  432
1625  76
428  1629
1302  879
968  141
1833  437
445  881
1934  693
1757  507
1597  822
1612  16
1576  612
449  1654
629  1939
1429  50
979  1368
701  1150
193  1487
1701  445
883  1341
1442  224
1276  737
1074  731
173  1089
550  1102
845  1344
879  733
461  930
1337  1496
1611  1888
1988  81
1715  242
464  727
649  265
1905  633
1270  347
1439  1217
1649  1684
535  961
1543  1173
1185  846
1764  264
1764  1461
447  1396
334  1485
1950  981
143  550
472  1010
1099  1172
29  816
647  1051
29  1481
136  112
136  94
1595  121
1819  989
727  1257
1305  1922
799  520
1749  1219
189  372
372  1024
1486  1561
1668  1226
198  15
1735  651
892  55
1680  689
1862  1656
154  1507
53  206
675  1827
1596  843
1702  763
1230  1903
1524  729
238  990
723  1505
459  1391
139  1697
930  1009
1886  1198
1156  834
727  1410
1018  357
842  762
360  1553
1302  164
1843  1484
485  1803
1502  1005
818  1693
359  449
389  802
1307  244
1170  1936
1962  1936
910  850
547  631
1035  362
1270  435
1901  525
865  333
822  1101
1647  1663
1660  965
1277  1437
1006  1634
1148  1080
1347  549
1909  997
351  416
700  1792
451  421
1474  1916
132  1564
460  53
422  627
1238  785
1956  1434
1578  976
946  552
74  173
217  1126
331  1030
1868  1267
624  241
702  1684
1820  946
873  1444
921  1374
1892  157
1530  722
1152  577
781  661
1712  1419
842  1426
682  928
1707  1631
532  1398
1063  201
287  330
1940  1775
378  1673
1121  1352
1485  1973
672  1892
1933  1742
1570  621
909  1602
713  340
1178  1942
257  1151
1671  1550
1412  1099
339  853
661  1458
1625  532
924  991
1636  1155
1987  1808
1703  62
1984  1903
158  273
68  1969
1688  1493
679  1076
1819  1026
794  1393
570  1034
1046  1546
1762  107
1239  1830
495  1356
1191  1589
1879  1151
1456  1668
1009  1678
798  867
361  1332
409  1603
22  826
1363  1301
1071  1466
1695  1375
1315  1836
1619  1971
166  823
1341  1619
1602  1932
272  1553
541  1989
1832  64
1601  1069
946  1979
1236  509
946  1385
1580  422
1710  1071
809  979
296  557
137  649
1995  1347
274  997
1214  515
291  1165
542  1113
1721  261
798  299
496  1032
1747  1858
806  294
1826  481
278  530
847  1982
566  1659
1761  1444
882  481
492  942
1618  1515
1447  955
1872  838
1798  148
1081  1052
396  1797
58  784
504  1950
1309  1030
620  1690
1637  512
709  485
1159  1575
1763  437
88  1753
1782  505
1143  994
532  400
443  1132
1594  1827
1422  279
231  232
1602  1930
183  1671
542  803
1342  1949
933  1601
128  815
254  340
701  1205
1777  1694
1427  1252
1421  1921
1507  309
1625  1611
163  102
1530  459
1389  744
1159  204
702  1767
1316  1923
933  1138
1804  606
1149  975
1838  1624
480  190
1588  966
840  257
1617  1311
1370  695
249  1052
1665  477
1351  1179
898  936
1051  513
765  201
1255  1256
852  137
1981  40
1609  1012
514  1869
786  105
1258  924
885  447
972  1823
630  692
988  55
778  1902
1836  17
156  1961
559  1457
174  1344
132  415
99  867
1966  1554
988  715
1541  1066
1193  1863
1897  376
1257  1162
225  526
1492  1304
626  269
76  1945
47  569
738  930
1670  295
111  1755
290  174
19  1934
1757  647
1266  1711
1240  1775
1970  511
760  1977
1827  168
298  1843
1907  1390
1310  78
947  1566
504  1446
1653  145
1921  851
1746  1649
144  915
1070  576
365  870
147  62
99  1337
721  1189
1060  975
659  499
1977  1706
165  1782
1044  1872
93  342
834  391
835  728
687  1943
1726  1156
680  1402
1788  1252
1721  1535
673  396
1872  693
301  137
1257  623
40  1847
327  792
248  876
427  1442
1821  1847
1510  1565
1498  1514
69  1229
1344  440
849  1381
1403  1098
896  1347
858  806
158  1735
1672  588
514  1892
1796  1912
807  1243
1468  1496
381  1934
118  488
357  835
1811  1951
1975  367
1368  494
1133  1583
658  1973
1754  1385
328  439
550  622
93  153
1999  824
1640  1876
729  1302
756  1043
1515  139
433  1314
1347  308
1532  1360
436  785
1876  692
967  1199
1555  741
1391  1552
610  1377
706  181
1097  1842
1998  929
1832  1948
928  1028
102  1494
1506  1610
331  182
992  1749
130  1493
1564  1748
752  1094
12  198
585  1458
387  1713
1358  49
529  578
666  1024
453  1689
39  1986
1919  61
1711  597
1057  802
514  1108
145  1831
1066  821
1939  1012
1221  1680
1308  930
78  319
1211  1154
803  792
937  160
1422  1595
405  1658
447  819
1260  1693
4  1642
1006  581
78  1707
748  1959
1071  1936
1158  1918
642  1967
200  1660
898  418
1570  1943
1317  1541
402  1967
1037  1689
14  765
1470  1196
1015  932
864  987
395  128
641  922
1017  248
1804  4
577  1738
1528  969
1243  1388
940  931
1103  1791
1959  1618
1582  1703
591  187
1647  1948
815  826
454  1118
769  20
1562  1786
1591  1985
628  1282
1932  754
1322  603
1908  1626
795  95
1528  704
1616  1566
1382  1397
94  1789
1612  1688
1663  1352
1335  786
1539  31
660  794
12  594
598  122
1369  1630
695  875
124  587
1124  922
179  824
1929  999
959  881
1098  295
1403  515
1370  1166
644  1267
1428  525
1323  1711
1611  677
1292  1865
50  911
1136  1458
18  1159
317  1068
661  1630
596  1853
982  304
32  177
1093  529
1884  1646
184  619
883  596
326  860
1533  446
1799  527
889  1542
828  342
431  940
1618  1320
1545  974
421  1606
1187  105
994  146
903  1745
1240  1866
900  967
1705  339
1775  1740
1993  870
507  921
645  1781
578  918
528  518
1628  395
711  170
974  1923
1816  444
1375  1009
112  190
203  143
578  319
475  1569
1199  136
701  1297
1620  514
1760  1948
1808  893
1019  1213
1243  1832
65  810
1121  1536
57  1511
1360  395
794  974
150  1856
1641  1104
1265  144
1829  1779
1494  1811
105  1489
1164  1350
1412  1495
422  974
1795  987
669  552
1446  398
1408  33
1472  1430
1945  307
1148  1415
532  447
1588  1506
328  618
1466  47
495  591
1324  212
1742  391
804  886
1971  794
1335  1292
396  860
1717  1432
1389  137
1268  835
39  413
1021  367
1398  989
1610  301
684  1075
156  1211
411  1746
1202  1406
889  847
992  351
1948  1110
596  397
1659  437
140  479
1051  1128
1270  1429
107  1766
1269  885
147  955
919  1260
1508  1893
1777  117
1207  678
1815  683
1967  529
640  1309
1050  1513
1427  1238
768  1335
1018  1965
379  592
609  299
343  1261
1647  1490
769  257
587  1478
400  49
1360  1028
1211  550
123  925
388  241
1758  1942
1548  999
483  793
1414  343
709  161
1745  555
221  1896
876  233
454  344
1504  1257
1416  34
250  705
534  1360
178  1723
1308  1630
524  1919
676  603
1446  446
1206  834
1393  847
803  375
518  1491
852  1858
1957  136
1470  691
1335  1118
570  375
768  651
1369  151
61  656
1247  1736
1593  1015
672  959
330  1370
50  1036
707  1352
1325  72
1566  1285
743  452
768  1470
847  697
1396  1494
455  181
606  841
1754  96
1806  148
1087  964
1046  1446
1707  1440
1904  765
1257  809
986  1699
54  442
1122  1773
74  1225
830  1698
1856  1730
214  1828
101  671
1998  1868
1621  308
161  966
978  1379
994  656
969  1182
842  303
942  1844
922  994
1215  685
1569  662
1929  771
1250  615
735  1638
1391  1276
685  1119
1864  192
1845  1518
1735  1572
840  1645
17  147
484  1354
92  584
1967  773
102  606
1353  840
651  1576
156  216
106  1388
1481  296
1797  643
128  1153
691  602
1947  1016
586  485
1952  572
1044  769
1127  664
1524  1882
1645  1927
874  1022
65  936
1124  1985
883  251
1725  1602
1579  707
1684  1177
1519  1707
828  1852
95  160
1230  591
621  448
1501  1889
29  595
1291  540
127  879
89  1430
296  639
1223  583
345  1642
1851  372
1000  1501
1688  137
311  1249
607  1391
878  1732
150  1582
426  1170
654  300
242  1773
1155  209
1214  1319
1460  986
1657  1812
955  417
119  1950
1891  508
1850  1541
1119  287
1336  873
1751  795
595  295
960  1742
1826  190
872  772
1103  1665
1701  491
212  1707
1639  816
1463  1535
1070  513
456  1228
1500  109
582  2
824  1516
1307  1762
1738  736
1556  1776
1105  645
443  380
1636  558
3  899
569  1979
1504  868
1354  1097
245  447
131  1342
188  238
284  268
1910  638
1088  160
469  1564
650  1473
804  1631
1837  772
1230  1128
380  947
848  632
601  1011
1047  668
1597  1925
984  707
1561  57
1400  79
577  0
375  368
361  663
553  301
1189  763
1670  177
1605  1092
1851  1456
671  1522
1684  1609
1998  476
621  858
930  1855
1445  181
808  1103
1137  925
1255  655
63  1912
1751  205
1151  26
1990  684
1230  643
1098  1661
998  1982
1080  604
1455  30
417  512
582  518
793  1092
819  49
615  464
1549  730
1817  275
283  727
1752  380
315  1975
1322  679
941  371
703  657
1457  396
1153  1857
1175  1813
921  653
1252  289
1073  1544
237  188
1384  1984
254  371
56  285
596  961
1767  123
1906  1196
873  41
519  1945
466  1288
476  1406
875  672
1938  984
1485  1719
181  41
922  1943
310  1877
814  1558
636  1095
521  1072
595  983
1244  713
167  1134
511  937
1100  1583
1649  902
528  424
1339  1060
1789  930
1780  1121
127  1145
989  1152
103  1529
1650  1088
977  1330
1555  1520
266  1131
342  103
305  1245
1607  803
307  424
301  1047
1645  738
424  1513
1349  1109
1429  1025
57  872
1330  1959
1751  775
1120  1219
283  1871
1200  766
564  278
1195  242
1500  745
1100  279
999  1613
923  254
1323  1617
599  1755
90  355
17  1971
1775  1177
170  689
219  199
627  1658
1680  858
566  1280
1997  1463
366  508
1894  131
667  452
541  123
1690  255
1806  1925
221  1296
1018  1600
193  1670
1021  1936
1740  1725
432  284
1935  1183
1097  1091
426  324
189  1595
534  237
1627  472
1923  345
1557  678
228  1709
925  145
502  1831
1746  458
1912  847
797  1701
378  358
296  871
588  237
232  1428
891  1557
1756  812
194  424
739  1814
554  1766
954  1600
397  314
1695  1022
954  877
1563  1648
907  734
698  1171
348  439
1048  722
55  56
954  597
1380  935
1902  1059
430  786
1272  1895
1255  1788
1123  905
1484  1386
1471  1484
22  576
627  1854
1730  891
742  1991
1727  1634
1540  649
847  1180
1724  792
1492  1849
86  1422
649  950
435  1519
815  321
1013  575
699  659
1036  1140
441  672
125  689
1270  1388
1811  1160
1405  1033
1137  1842
822  425
1043  854
777  567
718  1420
1188  718
449  1684
799  1439
1101  745
745  1831
1266  778
1415  654
1704  255
1292  1388
172  1923
607  326
205  1370
1958  1969
36  1502
1999  849
242  1377
1810  1489
770  396
1158  1171
924  428
655  1486
1942  606
1509  1727
1133  1396
766  1826
395  241
1598  1921
912  925
1707  1857
1423  110
1942  1001
1092  898
442  385
1036  671
1411  14
601  1740
1883  732
321  400
1221  191
684  628
1298  1111
1194  1192
886  144
1618  1494
1863  1512
1850  570
1426  1653
890  1397
395  1615
1888  1748
1187  582
883  793
292  1560
709  323
1510  1539
653  776
151  593
1317  1910
1784  1440
635  1967
571  1708
158  233
493  165
301  1369
151  104
728  1525
1899  1396
1894  1425
745  289
1978  618
800  1415
1523  843
1987  450
709  781
1147  775
1495  925
706  1692
349  1512
1584  1591
1517  1328
242  792
659  62
330  1374
1450  228
1541  1526
1343  40
921  434
355  1115
1276  1875
891  1958
1194  1133
570  476
1910  1218
1736  530
1769  1097
524  1477
896  1053
1987  1480
992  1585
170  919
323  1872
125  817
1666  1079
471  1849
1591  1965
294  1308
582  476
678  462
317  507
1864  459
376  1569
924  1722
656  177
645  1733
1411  703
452  641
1121  1245
50  1080
274  1834
1092  1323
1280  1453
1087  203
647  1865
398  1004
1476  292
1603  1749
236  1990
1373  536
919  1032
1793  139
227  138
1547  864
1202  1013
147  1458
1224  1201
