5000
96  457
738  1140
1142  1176
1947  1577
1830  856
1432  786
1126  1277
221  77
1945  1963
1342  1913
1138  492
93  1187
31  1312
1191  1139
352  473
128  908
1490  1513
1757  671
663  1249
1579  196
1376  898
1648  1245
1038  1522
1421  601
564  258
558  1960
1636  1246
814  1932
933  173
1446  1192
1675  407
404  1397
1279  389
1531  1583
1712  638
1671  575
100  505
1227  1807
621  962
563  1297
775  979
1723  948
1242  20
753  153
1791  917
569  1583
418  626
1048  1825
813  1347
1203  1877
972  1899
1600  140
1370  1414
39  918
270  734
1514  42
1094  130
917  1222
947  950
1884  793
65  1190
1433  1956
1394  273
581  400
1536  394
1679  701
794  766
374  832
870  1539
1375  1856
784  1809
1194  1547
1170  1028
701  1944
502  224
1944  1913
1971  550
1241  1050
1665  607
971  1973
396  1788
512  1021
1596  1816
615  450
386  1411
443  1803
828  949
1124  1513
1580  1222
430  1351
410  119
158  1485
974  1838
1525  289
1179  589
648  804
918  553
73  1298
859  1524
1130  1277
154  1072
940  102
1802  1006
741  1233
1950  1333
114  980
1963  119
1675  1787
710  942
248  228
104  462
773  376
796  1708
1622  1048
798  849
1183  1008
260  1386
447  1524
1464  91
1530  195
860  1458
1477  1833
1593  555
1748  308
1802  798
39  1633
881  1143
1677  350
228  1593
1772  1136
236  1831
1596  1295
1932  724
1708  1713
1463  1216
544  337
892  1750
1545  817
273  285
1231  985
1848  897
544  23
1184  140
1916  1724
44  242
1569  97
634  512
524  76
146  1704
1488  1263
1430  991
1859  742
1174  1684
1667  1708
254  1503
1689  603
253  1742
21  910
175  911
11  181
1807  329
1208  890
326  197
1362  341
744  300
1055  1832
1192  1871
885  254
659  1230
945  1693
162  1202
467  45
1664  903
1399  226
1228  1376
556  991
1449  1173
1929  413
1198  431
1693  1725
1152  678
1301  1799
872  842
1709  1721
804  54
1528  547
1347  1851
263  1366
539  596
1515  207
1024  1358
932  1540
322  1402
160  861
1434  134
728  1027
1458  338
1567  1431
77  1059
1152  1272
421  1328
1421  1443
127  301
1519  308
154  686
710  1869
118  488
1699  392
845  1062
838  422
1688  298
675  1712
1157  975
1659  1705
1074  598
178  1693
799  1905
706  1394
1962  90
264  96
807  1692
1693  213
49  287
1130  1715
1695  1376
171  1273
299  768
1704  1560
1649  539
1401  425
823  1421
332  192
207  299
1658  1855
165  1086
540  277
1894  1686
1736  1329
93  205
1256  1898
653  1103
1988  1741
920  1525
654  725
1680  777
1712  1880
1740  1293
1038  667
1718  1964
1335  313
1417  1357
969  1460
1241  1873
1173  1443
1482  1459
3  654
1400  891
1368  1326
706  1928
130  173
996  1575
663  712
479  1243
1422  1056
1261  1352
1380  431
1652  1849
68  868
1713  1629
1835  22
582  1719
1577  263
1313  1188
800  1422
1696  1177
214  616
1741  40
1024  380
1293  1016
576  206
1206  925
1484  1229
1007  1772
1114  873
342  1283
1725  108
622  575
1826  45
44  1545
78  1326
138  1781
514  40
530  1640
988  420
1633  147
415  1419
46  1851
1313  1242
64  248
547  1437
1373  1053
1699  773
91  1861
843  294
364  1662
832  1724
745  688
1340  1653
136  707
1743  1426
817  371
1991  1426
215  420
1128  8
1609  1426
1186  1487
1065  930
1440  426
780  1044
1072  529
1177  1674
1001  1948
1821  1818
1332  1757
129  1912
385  1640
1461  1486
326  1920
1997  948
1810  1232
1134  1896
1390  601
1191  844
1653  633
676  1970
482  255
1675  529
1129  134
980  847
66  1288
1793  1458
369  548
1761  1615
770  1237
1802  1227
1999  81
1478  102
1761  1534
1970  555
1491  1067
148  38
1246  303
1693  1281
842  1574
974  1398
726  1121
1524  540
30  140
995  1158
682  981
681  373
1985  65
1477  92
1533  359
546  1177
127  171
1718  689
10  1921
215  844
1399  650
910  1894
1561  666
1963  766
417  1784
769  1690
75  1476
73  1016
494  1614
1626  307
1707  777
1153  1113
1327  249
1862  603
896  884
1166  1608
1101  1392
1842  1385
260  17
590  1950
1640  168
1990  1568
747  81
821  1262
185  1974
1466  1934
777  976
1412  1552
1560  1611
790  109
1585  566
394  1599
1127  1347
1511  1652
1870  982
723  173
1131  725
1218  965
1893  1350
890  480
1926  449
1927  677
686  1509
1454  1279
849  269
1671  1339
2  656
1791  533
1478  215
915  333
353  310
1255  1994
315  1176
610  1314
45  1797
662  1566
1359  1904
974  546
1905  1505
1735  837
426  456
1491  855
944  882
1087  808
367  1106
20  51
546  1955
747  1652
45  1957
1712  408
1803  1456
887  1828
542  1740
1048  464
1304  1583
1156  231
1449  1182
394  1682
348  1588
1207  468
611  1393
1614  403
1001  114
1800  329
1928  1208
321  277
874  965
1303  1953
1991  1331
1056  50
1193  1656
937  1591
833  1514
309  875
99  1811
1725  1401
1194  1406
1849  517
1357  331
15  450
387  1601
852  1623
1956  936
885  727
44  1755
1282  279
128  235
1584  612
1966  1971
1542  649
412  579
1331  1719
1618  1061
202  638
1818  94
1092  686
691  349
1460  354
728  355
499  1601
145  55
592  1693
202  153
1526  1719
695  419
1891  1697
1492  774
1471  999
719  890
1681  1136
1544  1134
1617  1727
1162  1491
1234  1996
1045  1620
1900  15
1084  506
1852  746
322  981
1693  1371
1690  601
1645  1734
1612  745
1844  951
1315  39
655  1713
824  709
1853  1625
851  1753
24  1940
1802  1002
1046  442
1114  337
853  34
921  1918
885  1636
362  250
620  1331
746  1685
1134  1320
444  1052
18  1898
339  1466
309  1858
1150  824
642  1367
917  1910
1975  1325
410  1797
1729  922
1177  506
775  936
793  1656
717  886
492  391
586  21
1582  1437
1407  348
540  525
895  882
411  345
236  1747
1550  1245
701  829
1569  1767
1803  1210
73  698
646  1966
1014  1423
920  542
1282  1727
1292  1217
1525  2000
994  443
1628  206
1732  329
1368  197
1106  1556
1228  1294
1876  747
371  761
1882  1692
1149  370
201  1733
248  546
721  1384
334  1382
1892  214
134  1669
1466  213
874  539
642  621
405  1557
554  701
474  524
1898  1004
1193  1666
682  193
696  1722
1572  374
1214  796
553  265
1998  1689
1309  216
1932  1832
1120  1528
317  213
454  1460
1234  1326
1907  51
1712  1174
698  104
779  1950
1809  1064
1169  760
565  121
329  1756
1205  858
180  1383
939  214
1403  667
1445  256
1772  1022
1391  291
640  607
1385  1857
408  1123
1108  1723
1104  1643
1016  1080
867  271
516  1587
419  1887
1737  1377
843  805
34  1181
572  284
348  843
622  281
1700  626
459  734
586  1801
1333  344
567  1360
1390  1357
1073  1786
939  530
1660  565
1088  178
329  738
668  1328
1006  522
44  556
1179  48
1698  1276
1515  1375
924  1741
1911  593
590  204
1395  1654
1111  649
263  1348
1715  501
615  650
1636  1392
357  850
325  1299
1344  1899
1420  36
1589  747
441  1786
277  1517
1361  542
1162  1787
1705  155
397  1455
1188  1477
139  1188
1438  884
903  1917
947  184
1807  888
406  787
1940  332
1884  1816
1655  64
1144  446
1619  1612
1192  1148
1302  1587
1066  952
1899  1985
1079  1323
861  950
374  1966
519  1556
1138  897
558  1463
923  1201
1037  848
1550  870
1804  1577
1227  29
1815  1393
1820  154
1851  1408
483  233
1607  491
86  61
426  1104
163  358
878  19
967  285
460  1575
54  602
451  417
1263  1815
429  1361
1534  1120
1718  884
311  1285
458  962
1057  1955
682  1881
75  1494
1866  420
1184  399
584  1243
744  1048
1670  688
1036  224
445  1470
168  1291
580  959
736  533
1917  518
767  791
1310  703
1449  740
270  738
1513  1762
379  876
34  116
264  1860
797  129
633  260
1411  1088
181  94
1379  244
970  655
382  1814
657  626
1814  1519
1570  1152
87  813
1539  325
774  165
1388  415
1337  833
574  150
1301  436
1046  846
1790  1680
233  61
176  853
91  167
1039  1558
1342  592
1449  1404
1514  1071
967  1530
1027  593
125  585
733  879
294  1552
760  209
260  473
837  1557
832  49
663  49
163  1511
378  1889
1670  967
1124  1099
1667  120
126  1924
1508  1381
287  1191
1762  496
740  1
1299  1320
146  1472
573  1602
31  793
926  781
1586  1755
956  1667
1273  1449
1629  666
1778  62
1757  71
1439  104
1414  1687
403  693
345  849
136  1615
539  722
1227  491
518  1167
1148  435
896  614
315  1152
618  209
596  1484
1188  309
1647  1289
1582  408
1184  874
287  147
848  1812
1923  82
1396  1464
959  957
1165  1217
1469  1781
738  638
1087  914
1882  89
1568  169
713  1
1208  205
1905  513
1876  1968
1505  1446
1551  1503
1537  973
54  263
4  734
18  1426
463  710
323  1880
62  1764
693  1115
238  945
1102  1275
277  366
1252  854
969  1071
1746  71
143  1220
1493  1991
722  1892
368  1319
111  377
311  1916
1040  1152
1837  690
1810  1337
1110  1006
1963  1875
383  815
364  1940
1940  1103
1074  1268
98  634
937  903
678  117
1204  1438
466  562
329  1021
862  1247
1371  266
310  845
45  1085
614  159
924  429
1096  1001
311  1515
428  1499
1239  1717
1213  1401
252  1271
448  402
433  1707
1664  1468
287  1291
1064  1019
1869  15
1742  795
309  207
877  499
1895  740
1003  1976
1891  1643
1778  1527
987  1250
1326  620
1454  1536
101  1491
1369  1453
109  1245
1880  814
1889  1026
1585  84
1194  492
683  311
425  848
1600  156
1738  867
1492  274
441  282
1949  2000
1287  1879
1252  341
897  47
528  790
1283  72
398  104
1452  16
209  1486
920  597
1699  1045
1981  1493
1442  841
1069  1903
608  1715
750  1575
568  369
324  451
1619  1616
276  923
968  1951
1846  346
1774  276
1719  1867
323  956
1775  958
374  1306
573  1324
983  906
1407  352
992  10
1943  297
1392  155
929  799
384  1843
105  1430
353  455
151  209
694  1135
438  84
77  1113
575  1761
1145  1522
513  627
208  1242
572  696
1869  612
482  1187
962  1190
1251  1725
972  579
240  1715
594  1954
804  1433
99  901
1435  1220
1629  429
1361  203
1601  754
1956  495
135  726
352  328
758  1348
1499  1295
1932  1268
462  463
1018  626
1602  1905
1839  1887
1424  676
381  1872
54  671
517  433
967  1944
119  1860
1592  463
1315  1189
1710  172
1930  1210
1026  662
821  1186
166  52
762  1631
1680  133
503  11
1595  1446
638  892
867  1618
1250  229
1165  1742
1344  798
1333  914
473  1154
1174  1058
110  175
1891  1903
561  75
1761  1940
1839  354
724  318
184  617
1408  1201
943  418
267  1161
489  235
1048  1423
488  1786
503  1126
1706  150
1891  259
1772  208
1448  370
1939  381
1463  803
409  707
1117  1908
877  620
138  1495
1018  1390
607  1642
217  833
1611  1809
710  175
1334  217
1779  982
406  1386
1655  149
942  1038
1737  204
732  993
12  1194
482  713
1616  1053
1355  1804
654  857
450  1287
556  211
1063  1798
1265  620
1078  44
838  1248
567  484
1454  303
1949  1318
988  1047
1893  1405
421  1030
923  213
1205  1415
712  337
495  918
120  1368
1966  530
704  1151
612  1483
928  924
1048  133
1190  1880
13  990
243  126
482  1781
347  1401
801  7
496  924
1739  1796
1303  819
1873  1060
729  86
1526  1709
1703  1738
748  1788
1139  76
1367  1500
51  1967
1114  870
846  1055
1229  1807
1303  1546
1082  986
78  244
1787  1674
1692  1919
334  433
1090  860
398  1600
262  1057
284  490
1114  829
1646  1175
1237  843
611  1921
1032  1724
205  1601
1759  342
878  1295
1815  1154
938  104
921  1824
96  1120
773  1270
1895  1161
1320  401
1471  1660
1922  377
1874  1044
315  1381
1398  659
242  1387
163  234
1827  1358
1619  1400
772  1555
874  1893
1465  1639
489  1205
666  1750
79  1933
896  698
1640  383
1063  1385
1226  1381
1847  18
1383  1681
1549  146
1629  436
346  886
1589  1166
1462  1429
1927  1447
50  1253
21  496
1303  53
231  1763
3  1569
1546  366
23  1865
1406  14
1233  521
761  1162
1323  1249
1249  992
401  1845
271  1270
1697  1900
1002  838
492  1874
286  1197
746  939
206  151
712  350
219  1759
1207  1063
5  181
81  94
1799  1696
763  877
514  545
1167  1950
469  340
380  204
744  708
1727  133
436  1070
285  1538
395  301
1907  566
1127  1629
1988  1299
1895  1066
819  276
1892  271
1747  68
1672  1428
454  1840
596  960
445  870
1382  1268
1026  1605
1841  1474
173  1168
830  1011
433  1634
1964  1526
1867  1087
670  197
1910  681
63  1000
1388  662
873  464
302  850
942  61
716  137
8  1830
813  786
1214  725
1796  161
733  1905
487  1799
416  905
115  1572
80  1974
1551  977
1993  104
806  716
1745  1200
68  1510
166  803
1010  184
147  532
869  1062
1361  1070
759  1716
1256  1562
1198  492
609  1408
210  420
371  534
930  1986
520  1262
1207  1867
1364  1688
68  992
1302  1796
530  1319
1861  39
472  891
23  1037
1690  701
504  597
1276  1327
880  283
1656  1737
438  1034
1054  420
1237  55
1044  1790
1231  1480
85  602
1255  1918
1217  727
383  1523
421  36
895  1059
1949  15
605  918
935  1653
69  1709
1656  1133
1582  1663
67  1540
926  353
968  295
793  1018
146  1753
147  673
375  428
623  1600
1486  710
931  1189
450  752
806  975
705  1710
1137  811
1724  1542
1783  1923
144  1647
38  33
640  554
511  1881
790  1551
1617  1002
1793  1673
875  540
945  1011
1500  481
1037  1101
1667  390
723  1106
1436  1709
1095  1163
1275  245
1196  957
1750  938
1294  199
428  1011
1388  1549
1023  474
1676  42
96  1154
1856  293
115  165
1686  907
376  1932
66  1621
101  1115
1874  1552
35  1705
49  298
533  1514
110  950
1530  255
1390  954
33  844
1394  1983
1406  1744
1931  973
1251  302
1090  949
586  271
917  1473
1485  238
1901  1917
802  1581
1310  400
1795  1849
668  64
829  1901
1104  1632
80  1684
185  1531
290  1254
1685  1044
651  319
134  147
1379  1772
1607  425
1691  790
457  947
401  909
1448  522
1080  1238
1299  1649
1033  533
1344  237
1558  824
1615  803
1066  1458
906  438
1246  594
1398  1100
977  12
1664  826
550  761
1677  400
1108  1201
777  1799
1532  55
1789  613
951  421
252  720
58  1385
1385  713
1585  370
1116  1682
1880  80
238  39
1850  1650
698  1722
1521  1422
1295  1335
354  733
1209  174
521  7
1947  1896
1487  1676
451  1347
562  1252
681  1143
1844  169
1790  59
373  506
1545  1388
848  1171
1020  1956
1974  1025
11  819
22  864
770  1770
1279  1014
1795  1930
1794  112
756  524
699  1734
1666  1256
1855  923
1836  845
744  1665
201  1882
651  1748
95  92
1765  1976
1730  352
122  1326
115  142
1602  727
1268  506
1654  1685
1649  1538
1778  1120
1481  1411
1786  576
1182  1851
791  1056
135  596
1805  404
1296  1505
867  1730
1792  477
118  1929
1811  512
795  1415
172  761
31  681
1140  40
1360  1063
761  998
167  1626
995  1588
1523  418
1134  767
954  1082
1862  554
36  289
1115  890
652  1148
1027  101
405  862
756  763
570  1268
1591  536
1497  934
1380  1199
289  35
152  570
222  1451
1170  1220
559  1388
1909  151
52  994
1082  793
147  201
1451  794
702  543
594  1735
1023  1719
718  105
723  1985
327  621
981  416
1355  1888
169  1218
314  578
1706  1647
1977  1322
1853  1881
1074  1353
598  1444
702  1344
1617  72
1805  409
1554  1984
1409  1492
993  667
80  422
247  1691
216  1953
1375  212
268  555
399  35
1024  220
61  831
569  796
1202  226
439  297
512  1263
1799  1219
1120  1926
1171  768
595  139
447  446
1999  1905
1466  874
784  1352
1500  1010
1717  1752
1361  205
1863  1338
279  52
415  1825
443  1235
1890  1523
937  780
1702  1971
1917  1073
1218  1945
130  659
1458  1757
576  670
618  1628
395  577
1092  1610
1576  42
1079  441
862  1026
1852  317
94  1941
803  1678
879  1633
85  1878
1963  1616
1839  525
548  1481
1586  497
1890  1048
1859  711
1735  549
1934  895
1058  1186
1001  1116
153  1851
1883  1977
878  1344
912  771
529  1121
1668  1223
1088  1109
1820  1095
1658  1223
1837  17
1656  723
1722  1530
340  697
887  1866
1133  1464
419  4
600  1732
1640  262
1533  114
1194  885
1155  1333
609  810
574  1461
1004  1948
1076  1419
1241  1082
770  1331
1830  32
1280  1553
1743  1282
1938  858
1275  1629
109  1510
1695  1864
1947  543
1339  427
833  739
1920  753
1899  895
616  1072
219  851
227  366
1544  1123
77  671
440  1571
1155  1611
1315  1317
100  1846
173  1336
72  976
608  35
500  1513
706  180
634  1013
474  1654
1676  1601
1827  976
205  954
1779  956
1588  1146
664  598
1228  1364
691  1476
1203  1277
145  1851
375  461
1424  760
685  472
1862  751
271  629
178  943
14  1266
1657  1327
657  959
1980  1136
1400  18
1373  1090
773  1108
1839  924
44  171
188  845
1367  1688
479  1344
496  507
886  1780
855  1939
1306  701
1215  367
1496  224
338  340
1234  1093
801  622
1287  223
334  1932
1673  1934
108  1389
892  1923
644  747
1451  955
113  572
1781  1890
1451  449
816  500
752  221
1025  1947
108  1230
689  370
1113  1913
197  1847
657  212
387  157
1689  1953
136  164
1122  1536
1066  41
349  106
442  1696
347  787
20  575
1998  699
862  994
1712  954
1709  231
971  2
455  1216
1223  833
1527  1746
967  1809
1838  328
463  1531
1232  1227
846  1456
179  346
63  1094
1227  1340
836  902
599  352
1010  1855
596  1713
944  627
1723  833
200  367
107  1750
456  1202
1732  1076
688  724
1933  737
343  253
679  1019
1068  82
1996  134
247  1344
815  10
1117  753
1094  185
253  47
1219  322
1136  937
567  336
1874  1708
242  1931
102  1690
751  563
1849  897
555  1529
659  1051
1999  1701
218  1478
1452  514
1710  1642
1085  1076
84  1035
1904  205
277  643
1284  1016
1248  1555
146  1210
1924  105
1715  1121
444  1499
1937  1022
37  215
1948  1793
629  773
1655  198
723  73
962  916
662  1310
276  450
366  634
739  1156
855  97
1743  1163
197  1728
1161  438
339  708
1437  1418
583  978
857  1610
427  1505
1224  147
1637  1495
1298  1519
1574  337
188  1812
1443  1557
1738  1833
1081  680
1889  1291
222  423
1594  1455
666  1602
984  294
1815  1932
1617  831
958  79
1124  1360
316  416
992  1880
515  1395
1138  1675
1024  204
574  995
1885  106
1964  902
1273  1234
1249  345
307  1873
309  1343
1752  833
205  1625
725  350
1647  1216
1894  1887
1493  1582
1451  374
584  922
193  1202
1431  1136
1997  1895
1162  101
1769  1772
1390  1850
42  55
1315  1601
570  1637
1338  443
813  227
902  1969
1167  18
127  1811
87  432
1090  1529
256  118
1127  391
1693  1866
1527  81
1391  488
133  837
1512  827
764  1249
1839  912
537  1880
944  1223
619  1868
506  1468
1335  828
175  445
1511  1559
1126  681
1616  872
221  1985
640  5
223  260
1238  1549
558  85
1203  918
1000  1048
165  1953
1721  844
1534  1470
1852  1819
470  1252
1846  146
128  493
376  172
1118  1172
410  1112
1793  971
905  931
1687  1898
1788  1958
1782  351
1592  398
260  65
151  1834
1914  1959
738  373
221  1786
1559  1038
1712  555
1690  1394
1842  461
1620  100
1766  1352
1648  1816
1046  1138
798  728
1014  518
279  309
1370  1419
1241  1007
741  1386
1765  189
1776  1543
1828  1993
616  1489
1053  1863
12  1508
1613  1784
90  1896
457  987
151  1504
789  1065
414  102
583  776
1698  1307
1220  1816
385  1618
780  864
1878  151
501  1138
1627  1885
62  266
670  733
1243  1342
986  1947
115  954
573  1205
742  1202
168  1147
654  356
1326  558
325  1525
810  373
1727  320
1084  1112
93  794
217  1468
538  1223
1930  1244
1292  1429
1921  1627
431  893
675  1236
1410  380
267  1568
838  155
625  1963
201  65
946  171
866  1258
772  809
1734  1523
1172  1914
310  67
1500  1864
1060  1827
1989  471
585  1106
240  1737
1701  736
855  183
517  1229
1769  661
1173  1725
896  953
1805  802
1039  1446
597  25
1752  1110
1873  901
1424  1244
1433  295
1334  688
1353  1988
1704  370
853  282
1934  399
1079  578
93  371
1075  617
980  1948
1755  1025
193  81
1541  1865
1271  873
1554  809
813  1239
52  288
11  1668
3  1635
1425  1993
706  869
574  634
336  1718
1171  1061
1104  480
1583  1556
1517  334
616  1771
483  1618
164  189
1201  1729
432  436
426  102
1018  441
926  1403
775  1208
511  1007
1519  172
1  692
1294  226
1911  1593
1598  1717
809  510
215  1724
1627  1004
1318  1211
1683  295
1222  1768
1983  1975
1122  1485
1627  544
254  0
158  1954
1132  1690
956  913
664  591
466  1174
854  978
71  1045
1717  35
1920  1359
907  762
878  227
43  1881
553  1784
1065  1224
496  1162
1516  942
1336  1213
1639  488
152  287
270  1989
552  572
639  991
1804  1578
366  531
678  685
1252  411
1758  1288
709  1489
1158  72
321  943
373  1615
788  1261
1050  1331
1455  275
213  1402
1813  1654
1447  777
1907  178
659  1052
476  921
136  1960
1356  910
770  928
28  1342
1299  138
1736  902
1149  1191
39  467
1376  250
740  458
1344  621
126  1947
1160  421
1192  104
766  1040
992  1352
314  32
234  1036
1687  291
379  1165
119  146
414  108
1964  1635
912  861
1109  1375
1011  190
959  1803
305  1420
310  468
1730  1403
411  1951
492  518
439  541
703  287
1517  1358
869  609
1929  1152
1295  1155
275  560
103  1938
579  857
1072  1309
264  1178
583  409
6  1306
547  1171
1088  115
1910  9
1753  1356
701  1714
14  1256
950  762
24  714
723  1903
931  850
305  1708
899  1825
473  1986
1445  969
126  1200
1515  521
67  413
771  1951
422  744
1786  900
429  1057
984  419
1104  149
572  1683
338  900
1906  1039
1692  243
190  1512
1787  87
63  980
163  1369
632  1505
470  600
777  1820
330  44
92  571
1943  940
620  598
662  1747
1446  989
498  1665
984  306
647  1642
1372  1852
623  724
1125  1573
1222  941
354  614
1301  1997
1721  309
1260  963
629  1573
1812  1678
1780  1405
616  1473
1385  867
1569  1786
960  1950
39  829
1554  976
492  747
953  1523
459  4
1172  1902
278  1820
923  617
1545  1128
135  330
871  905
1751  1846
495  631
1159  1313
1113  1682
831  150
1370  83
1389  835
1791  1731
842  1268
1393  1493
1527  1273
511  1602
345  825
653  1787
305  1751
531  1417
1721  1740
67  555
424  268
1202  541
517  1334
410  1016
1087  494
558  357
1484  583
264  1567
1375  1683
222  206
848  22
669  97
1616  1381
1411  952
603  329
1188  1765
628  1939
1513  1468
758  1890
477  1169
1378  793
291  1954
88  136
1259  1270
878  922
1792  139
212  722
1253  646
1497  1438
1051  1319
1353  1217
1592  525
817  1829
3  1972
969  1833
691  28
170  1514
1681  1940
85  1976
1881  1110
804  108
1656  904
1094  705
177  1375
1281  1876
1473  1552
1401  535
1051  628
508  117
1574  1515
384  1266
1217  899
511  1644
171  920
861  1185
388  430
1511  196
756  984
347  1112
1725  824
1429  1632
1090  1941
1531  953
1131  1237
1283  1648
686  1151
301  774
737  1877
1613  764
1537  1963
1421  1997
323  981
24  1345
1080  1393
520  1096
842  1884
1090  1574
1453  1033
391  670
1190  766
1777  936
1969  1119
1530  522
1065  66
433  1686
1163  1781
1899  512
584  1272
154  1685
1243  941
682  587
703  1824
640  1388
1247  1413
1166  1798
639  1547
735  1802
1065  1267
703  532
1622  1364
1634  1856
574  1528
211  1070
1217  1248
1338  1222
1011  918
838  1809
110  783
829  604
602  1475
1620  1891
1944  1038
1587  448
1413  1088
1932  970
269  1060
233  633
1401  1110
1066  948
863  1036
1088  1134
408  1519
21  1955
1753  1870
859  756
731  1243
1049  26
1268  647
1718  1513
1602  299
1679  1333
1032  396
709  1607
167  821
1126  81
1622  504
275  848
288  1492
1008  31
904  524
624  1045
1576  803
1254  627
1213  1917
1612  798
1434  926
644  268
487  1065
245  846
619  961
1052  1604
1471  696
1223  838
1921  828
403  1656
465  1317
1973  1269
1721  941
621  1344
611  1465
964  1296
1232  1803
635  570
463  814
1085  1489
1291  1629
1443  1374
1768  676
1811  1355
1013  1103
1712  1719
1903  1588
890  1190
1856  1173
229  566
1743  1980
1109  569
1934  1748
1064  30
1008  752
1618  97
139  1703
243  767
1124  1151
1086  1530
1158  664
251  1945
1305  143
1358  96
440  1965
980  1192
508  1270
1007  765
1212  1582
1288  1180
1070  618
683  641
600  1178
390  786
1409  1847
1153  1063
283  1431
1694  1636
383  122
257  1038
815  276
1630  1608
1804  585
1944  1221
213  437
1806  560
637  1073
24  1598
171  849
1164  1111
1408  1935
528  139
546  1235
604  1207
1414  1111
789  1734
442  1585
1106  873
1719  790
301  1630
912  1998
1826  1522
1623  899
872  1219
1871  187
1723  1538
1960  397
633  1772
918  1419
78  1290
556  1398
225  162
1562  339
83  240
1246  1099
662  27
684  983
1946  1284
626  81
503  338
1743  1272
221  534
1951  378
1625  990
697  481
1392  920
661  364
1210  618
534  1016
1060  337
1845  1810
84  364
1610  280
1347  783
303  978
885  1623
858  1238
272  925
730  1367
818  804
879  790
352  1948
1396  258
1325  1243
334  141
1723  528
189  1252
1331  587
1059  683
1637  323
297  1601
1411  693
80  664
280  1122
731  1227
1970  1175
190  761
1210  1733
73  1492
1867  287
647  1063
1309  546
1951  99
1152  735
1458  100
4  1263
514  1523
1582  837
1647  251
41  1736
1708  57
1077  1894
871  1113
779  705
322  880
1575  305
31  1925
738  566
548  881
393  1391
1415  1946
142  746
713  1073
1745  945
1785  326
664  1543
285  1929
461  699
1534  402
1275  651
798  1010
1742  558
1481  209
1103  44
237  575
725  503
38  122
858  373
672  634
799  100
599  829
977  1777
360  1442
926  1336
1145  934
494  634
525  1479
479  919
289  1861
1612  1990
1821  463
1175  719
1806  281
1571  1830
725  442
104  60
975  1320
1137  1934
1578  1470
1180  1316
1833  137
259  439
808  1873
1057  930
742  506
1227  1421
771  119
1886  1732
1290  331
1595  1409
698  682
753  1819
457  277
827  1887
350  317
493  771
1340  1213
796  151
1313  439
710  1143
136  941
259  201
1897  1244
1909  772
1600  297
187  1422
1795  297
1355  1202
757  335
1416  969
618  1241
1503  1573
1356  1138
106  1367
630  7
440  1789
936  1556
1109  1324
1193  560
396  447
1793  1390
1170  121
43  547
490  731
161  1663
961  1560
739  240
675  1331
1127  1189
1851  362
627  323
1813  100
1507  720
1996  46
339  918
949  690
1058  1647
825  1225
18  407
1891  236
1259  1783
1322  797
459  215
788  525
1188  657
1042  1883
1715  1374
573  1022
956  1245
1323  1586
1422  1531
28  1892
154  879
353  1965
881  1177
1701  1485
1553  648
949  580
284  1398
1821  720
568  1409
1172  163
107  1637
745  1214
426  1710
1283  800
905  1618
1994  75
213  1122
327  149
198  1376
1860  487
1869  1234
949  1810
634  570
1622  1024
1831  1310
675  1281
1271  3
1550  629
590  405
1669  459
295  1954
1936  687
1089  790
1029  1108
1500  2000
1523  311
1309  1420
663  1330
434  279
1629  1982
1839  1627
1237  1740
718  986
1008  428
1256  65
1627  1244
106  865
147  808
594  236
605  1275
1455  999
1456  1619
1803  768
1302  1694
477  34
530  377
637  947
1102  1738
1187  1151
1832  1750
1783  626
1899  309
1053  1370
283  616
393  486
1774  932
616  1916
1540  691
892  278
1819  443
595  1396
1622  1146
1029  1653
1435  1837
579  1051
332  1725
1426  268
774  1154
1524  1263
1702  929
204  473
1451  1557
991  813
1835  337
1351  1422
742  1840
165  1758
1101  1523
340  45
1804  1947
643  307
333  299
1928  1338
791  1826
1113  852
346  1381
369  1956
815  158
28  1425
786  1467
1557  1683
634  1940
29  654
137  1518
1003  496
1305  1175
223  512
417  1480
486  1952
309  223
1223  208
1145  832
323  1913
1770  566
1775  911
1539  1145
1382  27
1816  1097
1487  254
955  658
837  1600
233  1622
1042  1176
1992  779
1271  984
1442  1509
163  1739
9  1052
1544  1393
1662  1095
731  667
730  108
1297  783
1560  1560
534  692
935  459
1088  1833
276  973
505  1406
1872  1838
1702  673
349  847
1085  1113
32  935
302  820
1768  1725
451  1238
205  1534
1368  543
1238  1085
1187  1069
359  324
1573  1401
1839  1433
240  1430
1799  941
1898  605
1188  334
1944  1514
606  1142
1905  1471
1883  878
938  1145
110  190
1418  1028
130  1036
185  1934
1254  370
763  293
878  1175
587  1935
1933  909
138  101
523  1847
1689  192
868  128
376  1767
157  133
314  6
212  550
1829  1809
1342  1750
393  1380
1953  1760
1669  1802
584  89
890  650
778  356
179  1838
1298  755
1985  1442
189  890
53  278
857  1603
1042  1327
41  610
429  1452
1958  1534
369  961
182  1737
628  375
411  122
43  430
964  1683
428  1135
237  1931
926  147
1950  956
1132  1511
1904  179
323  875
78  523
977  1486
1314  268
305  236
669  1543
1266  992
1230  1576
352  1621
219  1306
1894  200
915  1288
107  829
778  1148
1356  889
909  53
1099  1441
552  811
720  1215
1531  1615
1373  376
350  1191
189  745
1165  1027
1228  987
1694  1062
843  682
1468  1111
1884  1609
1020  1229
466  1420
1685  1703
428  358
763  120
813  1859
1489  792
1981  1980
760  647
970  1741
1770  122
935  183
215  280
62  61
1229  1017
89  943
249  1429
1836  582
718  224
1683  1
366  195
1304  871
1386  1286
709  669
1480  423
1732  1500
974  1888
1209  1304
1092  1567
707  526
288  414
1846  797
316  1379
1187  435
1541  123
1283  931
623  1117
1412  938
1090  1867
972  296
48  530
1007  961
953  255
664  1459
1127  175
791  171
702  1688
324  106
1198  1563
647  1352
784  1537
1306  1989
1947  908
1485  213
1101  97
28  1633
1684  606
340  1983
1686  1828
1842  725
1138  1173
1711  321
734  1907
1535  1364
1624  872
1604  1734
1206  472
473  1635
1471  1930
150  1675
1163  1825
197  1010
1215  135
723  1835
1247  1856
1005  479
1140  1209
286  844
937  21
33  1330
163  1525
971  750
1235  65
383  728
964  994
1576  1694
1283  1036
1197  706
992  285
168  84
460  1559
607  1201
240  492
1812  390
810  501
1836  520
573  328
1038  51
934  1497
544  143
1154  1883
1206  660
810  9
1362  175
516  1669
12  1783
539  1292
1292  1565
1492  1010
1265  87
222  686
1044  548
1468  435
372  646
1433  1253
1110  133
1182  614
575  461
306  905
659  389
1672  394
1451  622
1764  873
795  152
1143  187
1476  344
466  1097
1219  1871
1051  1538
690  571
1133  286
673  762
1549  191
1601  1358
844  785
395  243
597  610
1838  1501
1210  1008
1962  1809
181  247
287  988
1122  904
1115  974
1894  650
1332  1142
1663  557
3  1018
1724  656
1311  1508
640  1440
58  1742
79  1948
668  1462
1296  1564
34  1815
1383  1841
406  1582
1153  257
963  1285
1050  1765
1416  1329
1732  695
1751  1149
348  1270
745  1728
811  1211
1189  590
1269  168
1475  1496
97  1789
1700  979
1375  600
396  1133
157  1460
855  1643
1962  1599
374  1194
1858  170
1134  684
849  1767
1633  945
641  160
565  1790
1282  800
1025  313
1336  1634
1542  637
239  1625
1055  1730
1592  1540
1451  1916
1132  358
1159  1638
1005  1487
756  503
747  952
1274  1059
514  1746
847  1829
1910  374
821  1669
1219  999
889  1075
227  1704
174  1202
1033  1813
1967  359
332  60
468  1979
640  1328
673  1476
1257  1045
694  1378
115  1471
1860  527
1628  1316
1053  489
562  1381
1646  1025
447  1035
1429  1079
566  1075
593  117
1623  957
1043  112
985  1833
1748  431
1163  1483
575  339
1841  1367
1667  1056
879  945
74  1682
1311  196
969  1002
1439  48
780  1953
1868  263
345  938
323  359
32  1476
1530  358
1159  882
1981  1809
1743  1355
1343  1150
1508  541
102  1120
594  519
677  1043
566  1299
1151  1070
1464  315
32  1645
1293  1587
214  1089
1619  1808
1527  153
1791  247
568  1019
1688  256
967  100
1427  580
644  1544
1370  853
1665  1132
170  1039
583  1419
493  1286
124  1645
683  382
241  1659
595  635
1219  939
1764  1725
1931  1511
363  526
497  715
935  212
1293  1568
352  411
85  1270
865  930
70  81
435  320
20  1820
1353  848
763  1160
1965  2000
172  1977
300  1652
1133  946
1228  658
1616  430
898  1656
492  787
66  138
357  1107
9  1045
1455  473
612  899
1515  1594
2  407
461  650
1891  500
746  1422
388  966
1324  1533
1924  1870
352  885
1300  578
676  456
695  1416
1684  1929
566  567
1636  1745
1836  616
534  972
1829  1520
1303  1300
522  1345
501  1770
30  1542
1594  194
1495  948
590  707
71  253
169  1268
1604  1090
91  922
1084  112
1603  249
467  215
1230  216
639  1818
567  710
1360  1402
580  1619
1033  666
1435  750
282  847
1787  1334
946  1103
1086  806
306  1745
1059  1418
822  1129
1108  1280
1794  637
994  1517
1699  457
1124  1247
1365  1800
565  1662
128  1040
944  1938
1003  638
1390  212
1695  768
654  244
1167  1491
915  235
1917  1105
705  1675
1179  1561
1990  1358
1676  541
1575  1054
1636  1871
1361  1533
735  1841
560  1169
1229  62
1025  1023
801  1350
379  1534
1494  1285
745  1096
1510  1910
1503  946
548  43
767  1081
658  399
1908  1578
1149  1581
52  1535
650  733
301  1376
446  1083
107  649
842  1883
204  1787
465  728
1309  1781
1731  889
254  827
975  245
1598  721
463  917
1616  449
538  490
1800  1702
488  1666
1345  310
1813  804
951  886
810  958
942  1864
1133  969
1978  558
285  1808
680  1496
358  978
1517  939
1578  545
19  1863
587  1173
141  1987
648  904
1504  92
1466  1584
1156  1609
1588  3
1823  1316
379  1722
1067  863
1132  293
1070  738
132  799
451  1496
1894  369
1516  829
1004  1495
554  801
374  894
639  941
960  59
1442  1495
161  318
1560  1349
1637  328
634  1645
406  558
454  784
108  1422
1980  1488
1176  971
216  697
1894  1768
256  440
264  550
741  348
164  1304
620  1684
841  567
1566  740
1558  51
533  235
926  22
1946  1686
1671  664
831  1808
251  927
558  308
264  1451
687  187
1357  89
1021  624
980  342
1884  143
828  588
1345  1225
1295  1276
342  81
732  436
354  390
790  1545
1708  1676
1506  907
195  1729
183  1116
1708  902
1723  1153
858  1544
1181  851
1860  239
813  459
687  1087
404  75
1557  1901
189  1507
1881  199
1555  1985
770  521
221  285
508  1093
524  674
718  266
243  836
1018  1999
1028  1330
767  972
1764  79
1170  40
1759  245
1072  1672
1343  1309
1425  591
1651  736
85  1399
221  372
1903  135
928  1608
1415  953
258  794
851  1392
1940  993
1122  1283
352  594
388  1889
925  922
1947  749
32  1099
1526  533
750  971
914  1442
345  1073
1851  597
1721  1149
1934  1875
1454  1987
1015  1040
30  1993
1523  1988
121  966
1619  778
390  891
620  847
1456  1832
1939  1639
691  1431
1269  400
258  16
1221  1160
554  1318
1941  1355
1849  109
585  977
1123  1699
110  301
1705  1211
1035  779
1613  1482
1286  1275
406  1996
714  860
1440  1956
65  941
1864  1700
546  282
272  1676
1765  912
507  332
424  86
85  1256
1849  1740
1679  1767
1284  862
1660  516
521  95
698  1550
1261  308
1938  961
1838  438
981  877
1849  1764
857  1054
1516  684
507  1131
416  21
1516  1570
1327  752
655  447
1329  797
903  515
1356  1920
687  1918
1330  318
415  1677
1926  1657
679  1752
814  1898
540  1125
1351  1716
343  191
1044  1308
1196  1549
1214  772
740  874
1553  154
1399  1802
617  1378
790  1034
712  331
960  344
724  1367
543  1716
1782  555
896  1652
483  1026
1860  940
285  1438
1966  1633
480  1705
1971  73
1796  945
1307  695
1602  42
1699  1866
224  1005
1851  1694
369  1910
1899  177
1177  327
584  18
1351  1620
1511  1357
223  1080
988  1649
40  667
1625  110
957  780
317  695
567  1979
490  346
470  169
960  819
1522  787
1795  1049
429  1440
1703  4
850  692
858  1666
1440  838
1938  155
1628  1370
449  575
600  1662
824  1669
784  522
278  327
1786  1426
1022  550
713  1107
1018  60
1157  82
1602  1643
292  1957
1234  329
650  373
389  554
316  601
1206  1971
307  165
496  128
1347  430
1921  1564
665  346
1989  1950
116  1472
808  643
1923  610
123  1770
1958  1826
439  96
907  1591
1026  1610
1912  44
558  875
230  935
908  1407
1102  342
501  838
1527  1730
1294  1772
1285  742
1845  1077
66  1951
1569  412
712  425
1159  1055
1519  765
1406  722
797  812
213  302
364  1303
451  1799
1662  419
197  731
45  522
1685  449
1176  1514
1336  788
1734  1346
1220  226
1321  1792
26  272
1238  1648
395  1060
1218  369
1094  1657
1149  440
1547  1115
1255  248
49  1559
1285  1231
562  1093
909  1941
1885  157
434  648
628  1411
302  1360
294  1032
1979  138
1848  1944
640  82
1612  1809
1414  861
1532  1740
858  1768
347  1253
457  1584
1343  1018
941  22
1992  670
1346  1750
301  1743
544  1238
36  1451
1420  1970
595  1987
1867  1986
557  715
1076  101
1339  659
1743  1299
460  957
631  211
1125  43
94  429
1238  1827
1253  1977
167  1324
1344  1956
1935  1408
1264  1601
1844  1766
1728  599
157  558
969  1375
831  642
649  249
1231  1421
1938  725
1449  121
848  554
892  1768
882  1590
1618  1606
322  1997
1281  467
504  407
818  902
715  1241
1932  180
1479  1250
1086  1828
354  1448
1380  1877
1208  1198
1724  1280
1793  985
859  583
1908  648
1845  656
691  1406
781  1914
1407  293
819  862
1082  1069
1687  1859
1759  777
1342  320
3  1797
388  1075
398  1757
1028  257
1939  1864
1346  1096
791  1343
1213  1816
1194  1815
12  1403
1447  906
1655  79
1857  1621
372  1391
1514  466
164  1599
588  1053
214  1098
820  1129
428  293
1553  967
667  1605
1986  978
1138  449
796  342
643  918
15  1468
1948  1241
364  317
1090  821
326  1695
1045  1093
599  296
950  689
480  1629
1325  1890
1391  627
1187  433
792  1083
618  1530
1008  55
721  1365
1811  963
1491  527
1126  1588
1912  572
620  444
708  894
1303  1506
615  321
1436  1441
69  1651
1141  1683
1615  1956
714  1895
1463  1345
1041  1523
413  631
1351  547
1786  100
774  1449
173  1985
1592  1344
667  1648
1407  769
663  1038
839  605
1546  973
1489  1122
1660  1679
1452  1993
803  1210
1679  795
1650  1993
828  1976
1566  1950
1005  1933
1295  61
1889  1132
1236  1879
1213  1583
1664  1809
869  1245
205  879
33  1147
762  1103
1046  107
1141  1839
1624  205
673  173
1420  1255
1192  1849
698  1008
336  826
467  1464
290  47
1279  718
854  1142
1542  27
484  1877
1194  1759
557  1264
148  1645
1211  1041
254  1649
1485  773
83  1043
1095  1814
241  652
207  1880
1890  898
1075  1769
1844  1692
1855  1450
765  1131
203  1326
1487  1598
1845  1282
814  540
869  1780
568  1330
175  13
253  1166
1082  1956
1204  180
152  128
1533  234
1736  48
1654  652
1622  1572
696  235
1424  1723
709  1087
908  1082
1454  1667
297  402
1538  354
911  863
1877  134
1915  196
488  1153
592  1881
1381  575
1146  654
87  1180
165  1961
725  748
107  364
1629  1487
307  1049
888  1229
1470  711
1267  1582
811  1144
481  1256
130  297
581  1679
679  404
1128  356
1457  1248
126  751
583  551
189  1287
1230  209
828  243
1655  526
912  827
1927  400
1610  1084
9  1454
1312  710
1109  71
1821  1528
332  633
786  200
1876  133
1942  506
948  988
226  874
1772  934
182  654
180  166
1876  935
1352  1868
542  901
34  1813
1383  191
1814  575
1526  634
10  721
1320  1232
1144  1716
51  1558
651  1379
883  443
1287  1048
1134  1653
974  828
1914  160
1957  848
1449  1128
571  404
892  1973
785  908
1489  1779
1490  1254
826  1771
1278  361
1032  186
181  1774
1028  1581
1726  1808
1925  1131
1384  1990
1929  309
1807  24
91  360
43  1801
357  1312
953  1464
1669  433
1858  178
1282  171
52  1343
1351  1169
860  1974
873  790
560  1337
142  1803
1593  389
241  586
782  382
842  494
991  890
623  1797
30  1311
1339  396
1864  208
1422  1622
1489  1943
867  261
174  888
911  768
942  371
193  985
1797  1255
90  867
349  477
731  855
1231  490
1305  1518
710  1158
145  569
959  1737
1172  96
1172  949
1727  838
185  1077
399  956
1390  1633
608  221
1169  861
1037  859
1271  197
191  515
739  1077
509  1618
590  944
401  1873
14  1818
1524  435
1219  205
1514  1352
353  429
301  1211
775  1861
910  1261
173  638
707  1062
1928  1542
1066  1209
806  311
1624  1558
1309  1438
1867  1115
1277  867
268  1140
1288  767
1111  95
425  1596
914  1524
547  1617
723  1148
906  1098
838  304
130  439
1282  1244
976  892
532  244
297  534
617  1992
1944  814
944  1312
1150  60
429  278
994  1227
542  1977
628  978
358  1727
486  1206
1358  1589
115  1626
581  84
882  354
1337  424
1490  1406
33  354
642  561
582  566
209  1938
607  1342
696  1070
678  37
1095  230
1509  1143
1435  498
1869  260
1836  741
1754  252
793  109
1568  1054
841  987
1634  17
40  450
1742  693
1676  1195
433  654
950  43
291  1103
1884  319
1491  1370
593  1789
1034  1308
176  422
10  633
953  1085
367  427
1168  1042
1324  427
701  309
819  890
587  1067
1024  624
1019  672
977  503
1748  1709
156  979
574  1330
482  981
1775  1427
127  428
1866  1734
940  1786
236  1161
983  922
1609  1132
963  752
726  397
957  1668
412  1266
1597  60
971  5
344  1936
1103  870
1365  304
28  144
1971  101
1335  1837
1310  1357
534  591
53  572
1743  1480
70  1033
127  1551
613  361
373  567
906  1700
739  83
1344  1697
1312  973
280  354
1016  344
1870  1178
1799  506
47  550
949  50
1493  1966
569  1293
1066  276
1781  808
1818  1540
1953  1025
345  1869
1793  1160
342  769
1970  267
767  346
1748  32
122  1720
1288  1003
1291  958
1457  1239
745  1180
1522  1074
572  748
1275  214
1973  1817
1353  1557
1247  593
1576  1062
1892  1637
1225  1175
1774  423
192  198
1315  1045
1327  1645
1835  112
957  1479
599  872
1947  218
1574  265
1472  791
1154  777
354  1859
1937  1246
579  920
289  1974
1510  1694
125  391
502  1456
1318  1300
659  1123
1915  1659
770  1592
743  202
59  1551
193  1981
355  1310
1729  1641
132  327
1702  1777
98  1800
1613  1581
903  623
1003  499
144  423
336  534
1567  703
823  1680
1548  1250
1614  1769
89  1914
1080  1118
53  1946
1765  10
856  235
1247  1416
64  860
416  1380
1373  276
668  992
1609  253
1847  792
1244  1717
1260  1776
1038  12
1149  1923
811  1759
772  1043
103  931
1903  1670
384  285
788  1316
108  1547
1291  1808
1946  931
306  43
420  1070
564  1717
1054  39
979  1618
1413  852
1936  760
494  1703
1771  379
1186  861
1807  1491
231  121
143  533
774  468
989  444
140  1028
1589  108
1775  1434
1140  1308
1202  1777
1587  1592
1082  706
1617  969
504  850
526  1585
1009  435
210  606
1070  892
1371  20
1135  11
1454  1589
489  871
1454  436
1825  137
1170  233
1968  1761
1792  433
1509  974
1566  721
1238  81
1037  807
1426  1006
443  566
504  1456
1664  1408
423  665
1313  344
748  252
298  5
1404  228
860  305
178  348
759  423
142  259
1884  1410
161  1488
167  1168
389  1648
1082  978
1744  1319
592  21
1511  1668
20  1540
608  1294
1650  1164
1005  1158
1071  241
1719  1616
307  269
156  1574
1876  321
449  137
501  1426
549  1851
1906  1154
358  1334
229  1452
1600  1470
941  539
86  771
463  545
1265  1548
361  1953
885  1068
1985  1604
1774  1586
1926  699
1339  1429
546  313
1799  645
161  1467
663  1011
1439  246
1051  1944
276  1293
999  1256
1001  395
1027  1679
1925  1347
873  1936
1531  896
1034  1820
821  1348
1215  1019
153  684
522  1883
243  1351
146  1693
1880  717
409  981
262  615
541  393
374  583
917  812
652  415
1752  665
504  535
369  1533
189  1826
356  898
95  829
1776  1147
1254  429
733  48
70  1824
485  1966
1560  79
376  537
1398  809
826  1832
962  1896
1924  97
726  1158
1383  1158
591  1258
1831  1185
291  508
1924  1341
1555  1454
629  462
1360  530
335  1429
773  78
1618  1873
1561  1063
1183  350
1670  924
90  847
416  115
400  1449
1702  1836
1154  1004
530  1228
1368  1526
817  412
1055  297
1406  513
1050  616
1278  1783
1297  1823
469  479
1294  261
755  1142
1711  1280
839  778
552  890
1785  611
1781  914
1641  155
134  1293
533  1515
1713  1959
878  719
1507  825
162  696
724  1474
708  555
1296  484
633  1804
1417  1537
955  91
1635  135
1687  568
1646  95
1768  1715
184  935
139  174
80  1695
752  637
1913  1529
1646  941
889  750
1200  1659
1827  1941
1209  418
1828  1105
1020  349
221  72
356  53
394  147
1231  1739
892  961
444  274
1193  733
493  1205
907  513
579  1422
1032  1028
333  354
1983  425
1936  564
626  1949
148  692
754  351
261  887
798  987
794  1364
1536  546
1299  867
262  1912
637  1609
791  1648
429  1721
1949  1581
818  909
120  497
771  1550
1197  1351
1572  1037
674  299
1932  461
1656  1899
109  650
1343  494
328  1349
547  460
1372  631
1941  1481
1780  1693
741  1529
971  1651
394  907
1354  696
202  1733
1979  722
1542  1739
32  1927
123  638
608  1610
187  1657
1078  1199
1758  1733
1126  1689
488  297
89  989
1968  915
1952  1531
1652  344
506  246
701  1778
1310  1620
920  125
1210  1632
1706  587
1724  840
498  1038
900  1555
1612  318
1706  1408
1617  1709
1760  260
1950  1863
901  1908
782  817
1811  299
1855  898
1453  1356
1146  1556
1971  154
1258  1965
1391  378
1512  82
1509  1495
1149  287
1243  497
928  1508
1231  1704
129  885
1552  1978
1614  1001
691  1029
345  1600
324  490
477  1744
1664  553
354  1413
1856  1278
1852  1703
1816  1892
1079  1430
1007  1883
1009  1099
39  292
1933  1399
927  137
1742  285
882  517
1195  1985
423  956
431  1482
1891  240
833  1278
230  151
1877  983
1257  1736
1748  435
356  626
1169  649
1263  1483
701  8
719  165
1839  1438
1734  882
701  87
1064  1423
101  1349
979  1370
1721  1282
725  1169
923  591
1399  69
1186  588
311  1746
1592  859
1813  46
1832  711
628  378
1905  145
1346  969
609  867
386  1952
1560  1536
135  1917
1222  1234
736  1560
271  987
1925  1364
330  1264
251  578
1302  828
1310  1490
1363  675
874  1263
1071  1925
878  481
84  813
1751  1064
683  1242
1209  1498
1762  755
1374  1166
1782  232
1952  244
387  226
863  608
1559  1050
1724  714
637  1231
1852  457
1151  1820
913  1189
1710  356
1793  894
1108  1269
431  1096
472  1890
1823  1514
1166  1471
104  272
347  1909
1294  1287
1894  1987
1341  1912
156  1817
1284  2000
293  82
701  1644
1000  1531
1957  468
621  757
1858  496
196  685
1944  1842
1569  1457
1918  559
1098  1711
870  967
237  1671
1656  116
630  1548
1850  769
1959  526
1177  295
1628  62
1503  1119
1679  556
1882  1017
5  796
1888  845
1681  695
1209  1494
1136  779
687  891
1754  1884
633  1578
583  1101
742  519
1832  1203
449  1122
1917  206
991  344
942  639
1808  408
1337  921
1570  1320
878  1283
609  1599
775  1153
124  764
1810  1755
813  781
1642  253
704  879
2  1510
1404  43
1755  189
495  442
831  1121
1721  756
64  1324
29  519
1218  278
854  1785
1970  308
1295  1248
1332  118
1149  1669
519  298
481  1360
1988  1374
1979  225
668  1632
589  920
649  491
48  377
678  481
1943  1011
1683  242
257  1516
844  1766
593  921
176  463
534  578
465  1979
161  500
781  489
1459  358
387  1342
1414  85
1811  1369
1097  1760
1763  777
399  1608
1710  562
1480  1585
515  665
1865  1632
329  1539
575  1090
628  1683
519  533
1106  1795
1435  1696
513  301
1566  1890
1206  950
1452  1998
994  767
1664  581
1038  1021
1505  794
666  1440
288  672
1539  77
1810  1810
1396  1136
842  578
1602  1295
844  483
1017  1803
1551  592
279  313
839  556
339  1654
1195  1664
257  1634
502  1048
958  765
1072  1217
1023  1669
300  131
75  428
1714  1490
1811  117
1762  666
687  1929
1372  1721
644  1211
920  440
175  158
489  974
245  897
184  480
1330  1034
1650  30
487  1655
1054  461
1264  500
157  947
1728  814
1252  713
530  1912
1829  747
17  373
358  705
1367  1112
1373  1284
1715  1457
65  1652
1614  120
212  879
714  983
860  466
1352  1499
185  680
1929  110
1502  1914
560  1669
1377  651
356  1130
423  639
1820  678
1520  1887
500  1820
26  533
1487  1875
1840  1955
102  907
1897  1091
497  1456
1252  1230
1056  1595
1498  863
598  1496
972  503
323  352
1475  1404
1952  403
1919  1762
24  1083
985  1812
470  274
1443  264
253  155
1346  1108
1921  75
256  1395
86  1371
656  249
1474  1707
1195  1791
1589  922
1062  1207
1934  1165
1308  154
1294  712
752  1854
1956  1082
1632  1136
1417  883
1295  1791
645  96
795  1552
335  173
1318  1157
1272  138
954  666
1321  764
1120  1695
752  323
175  1204
604  1198
423  753
259  1425
1216  1002
1457  499
951  1279
235  1891
172  1720
934  211
1493  1894
143  830
1135  1935
496  1103
1958  594
1897  1528
1417  1425
553  1417
346  1829
783  1206
1187  1399
1517  184
221  1541
1731  1934
197  692
1378  34
1603  1118
815  700
186  395
1912  1967
1458  1165
601  502
548  1741
1776  262
1621  1864
156  1890
175  1229
1885  666
630  763
356  1620
282  760
1533  248
1929  999
1998  1720
905  720
623  368
1293  470
712  1797
1671  813
424  229
354  138
1264  449
574  346
1915  1382
544  130
1709  375
1630  125
1777  1124
1266  939
941  717
1392  1383
855  1301
447  91
1139  877
210  957
1632  1001
171  772
717  919
1100  1670
413  771
358  423
1542  1063
1246  731
2  355
144  1506
47  1165
1842  650
341  781
305  350
719  1156
709  745
1208  1831
1739  483
1659  700
1680  704
1518  877
524  1865
143  656
606  1902
725  763
29  1283
1768  343
1111  25
1914  1860
498  665
1628  1107
419  641
863  1270
1801  657
862  1703
198  964
1002  254
1336  1089
1752  1615
47  509
728  1623
419  1484
311  471
1532  1448
455  446
1191  1950
1535  641
1736  489
1116  568
739  1983
1620  312
74  507
1223  17
1541  1701
560  1389
472  1674
334  503
365  1256
430  1070
63  1419
279  1192
1392  520
1592  352
1684  316
80  1168
541  1493
687  1663
1047  805
563  666
1758  5
763  1692
1273  850
127  1658
453  1080
181  347
319  721
1530  370
328  245
1079  1226
1494  41
1656  1181
1214  1018
368  546
1575  618
1641  1205
1  1857
1621  676
1090  1942
163  544
807  1907
107  1697
1662  1721
165  1328
1033  1667
1694  1270
118  506
598  128
109  13
1274  1963
716  1928
600  1350
827  76
705  155
1968  1873
1543  623
353  1981
149  198
276  1148
565  771
1639  943
1242  1784
940  1448
855  830
1160  1871
213  1896
1955  1985
1938  1602
132  1444
1347  1849
1695  1952
943  1403
155  1084
517  923
1526  596
1901  1718
399  250
126  1
471  324
42  198
1219  1590
418  1910
423  1988
1118  911
1896  355
897  724
1457  145
715  11
562  366
1895  1280
121  1842
1858  1087
291  1719
1245  1443
601  127
1394  445
131  1760
796  1029
1216  511
1807  1333
1165  1803
1067  1361
399  788
1512  4
539  775
1167  1836
1424  1797
1312  596
1191  912
1098  940
494  349
1994  797
1145  633
1299  1250
1573  758
1124  1875
1339  1875
1712  161
1203  1348
86  966
1986  759
848  613
1919  1596
1803  1798
1833  1354
343  1988
1819  574
1777  1814
85  1489
13  1361
184  1391
1266  581
644  1770
33  1671
1597  1055
1499  537
835  545
906  734
978  1049
1319  215
551  657
752  65
61  1841
1941  1643
1164  219
5  167
697  1245
921  1480
1612  944
1166  1502
221  755
921  369
227  664
1677  779
435  555
1039  1390
1337  155
688  378
1493  516
1241  1634
743  716
862  9
911  837
982  736
946  1716
1500  1017
391  1960
1364  1869
1035  1243
1028  9
1213  1624
390  1955
9  1151
1352  1144
1397  1809
1606  75
1506  857
1161  457
331  1004
317  1598
1032  33
839  25
1393  1338
1503  1505
1803  1033
306  759
1729  595
1683  1139
498  1883
1515  1319
533  549
1587  17
1098  1783
752  678
522  385
1431  283
1476  903
1534  1477
1250  1198
1741  1860
1328  1826
147  219
1024  872
1781  1303
1834  1375
1903  585
1742  1848
1337  896
1863  582
1977  1782
194  1858
159  717
1685  785
970  640
513  631
916  932
393  1869
35  195
1199  1856
49  645
1188  1539
218  594
102  724
1606  144
