5000
1949  991
415  1517
1091  972
1486  859
1182  1504
837  425
262  1704
35  1436
789  1181
150  829
221  1192
1806  1080
1629  974
167  1749
1084  1874
723  337
1263  565
1119  1968
1207  1478
505  1912
1699  712
1713  1950
571  606
1887  88
1627  64
1566  1235
222  203
14  1215
1126  1364
478  979
1353  533
1052  804
388  1445
1911  1245
1582  505
1882  1534
818  1161
1297  371
117  1263
641  541
1478  1855
762  606
803  469
1748  1766
1842  1473
1080  919
429  1766
409  1374
272  136
1087  1817
888  1842
1519  791
961  1338
890  1552
993  1299
54  1840
795  592
842  1563
1170  1163
586  302
1072  928
1085  436
1071  459
1486  834
377  862
360  1022
1322  855
323  1233
1351  1813
346  1496
515  1219
984  356
1465  261
1203  1449
918  1898
30  35
1539  454
2000  413
284  1724
1305  664
1546  1834
1248  1001
1343  281
1749  602
1693  1367
19  1491
1325  565
129  1440
1458  1768
1632  1212
299  248
1772  980
260  1010
1734  599
1853  1588
845  1782
1194  1248
519  1436
479  105
1357  756
1000  129
471  274
1504  1283
942  535
1711  650
1135  1846
1763  671
384  151
1965  1378
1622  1832
243  726
81  1708
738  823
925  808
264  1910
838  996
1365  1883
351  844
460  563
1429  448
1507  1681
354  1451
443  59
685  1452
1843  379
598  586
170  1729
608  1298
1013  391
1354  1063
337  1538
1210  474
58  858
1938  440
1619  88
273  1893
1153  1271
1677  1910
1105  1449
1022  60
40  611
915  193
1324  736
556  592
836  766
1705  706
1235  527
726  1532
1258  1150
535  1026
216  637
1552  1149
1309  426
1402  1890
1135  1773
1763  165
561  1606
465  1834
631  60
8  1210
1077  1827
321  5
1997  1422
761  916
755  894
1240  1746
1885  1139
554  1877
1927  2000
471  1286
439  559
1916  449
542  1417
1066  1345
1828  1459
1441  774
266  1180
504  1680
1170  895
1261  1440
1042  272
779  194
145  283
419  1819
265  610
792  1076
87  1835
640  696
127  330
391  458
236  1817
1292  628
902  108
621  1449
1964  1946
54  708
13  730
506  1104
916  1728
1389  1877
872  1309
15  1282
980  1269
944  1660
1689  159
861  621
656  346
490  1944
335  1490
132  747
871  700
1436  1165
1118  9
1007  1684
996  1739
1432  885
207  138
1681  358
593  836
178  1322
1580  584
1255  500
210  586
1623  607
697  22
1600  1028
782  1758
1481  28
1789  273
1414  1319
1594  865
153  1886
1849  1031
920  580
1846  1606
67  1104
1874  1850
208  1564
211  1725
1111  1716
1172  768
777  1598
845  1708
282  533
1585  1919
1380  1874
1902  1304
1166  41
481  604
961  1751
1097  1023
1431  260
1184  1616
47  736
1593  196
850  758
209  1224
1862  815
10  222
1157  1996
1170  1902
1801  1247
1462  1914
1645  1751
1086  1111
1327  1956
650  544
820  681
1107  939
1791  1379
18  788
115  229
1865  392
939  522
597  1442
1472  435
1345  359
848  777
795  804
345  160
1887  638
593  66
1646  576
1400  636
587  773
338  513
893  1431
115  1142
1318  1691
1511  253
996  304
224  1274
448  1564
118  882
934  1858
1311  1200
599  853
1782  375
144  127
1521  1191
1718  1835
245  1169
281  1424
220  1134
760  302
1537  1580
688  805
169  1415
1446  1058
1273  866
641  1509
918  1461
1590  1361
1693  751
1065  1903
1664  1508
1640  527
1295  1033
215  72
1231  1580
1636  1425
833  1527
1113  1918
320  460
711  1695
1823  1421
1793  1815
711  1584
940  966
1495  508
1682  809
870  838
1241  1501
806  435
1353  136
553  1587
468  1667
981  1343
799  1296
1706  329
968  432
1756  354
89  1581
1117  755
544  247
363  1818
1938  484
1703  1054
1970  287
1826  1850
70  609
1259  1607
932  917
1603  364
644  460
41  820
1822  1556
1549  40
798  1898
1189  367
100  1403
1832  994
1710  571
167  1684
759  1630
692  522
160  1867
915  1943
1581  555
543  299
1865  1100
688  1175
317  756
905  1775
380  1865
725  1552
1786  680
1336  1974
1924  251
519  1669
1574  759
1202  1669
1960  1512
409  1511
970  281
1975  622
473  1407
1714  837
1224  393
250  121
763  135
1897  634
425  756
839  940
799  564
1376  623
1068  1599
1196  1179
1005  1398
1522  1649
1789  365
1953  913
908  42
351  756
906  725
1827  568
1541  1031
26  1074
1980  1186
761  184
589  1557
723  1107
1310  1839
544  355
1923  643
1337  1850
1302  372
812  939
772  1408
1149  1367
404  511
1475  1093
1531  641
485  1881
1601  1128
1125  1418
1047  1912
937  1756
1232  1588
709  1350
1068  1271
1091  456
1476  1206
1186  1117
66  680
1738  1477
1419  1956
1046  1226
1002  122
358  885
1181  887
1858  1781
1712  638
1828  151
1859  901
485  403
22  1775
1701  1223
846  167
1805  1473
94  314
1940  1509
104  587
541  1738
452  608
566  581
537  1949
1547  1105
1884  259
301  124
876  1102
1566  1669
1514  1712
102  1560
1207  484
524  1331
1173  1302
384  1300
1029  331
708  630
696  1058
1587  652
1565  1521
1715  87
644  158
702  1342
446  1155
1401  683
1566  646
453  1593
215  1003
789  243
451  1696
1528  1261
1056  803
658  388
809  261
1634  1951
1768  1803
1318  1730
397  1185
700  1112
764  1199
1990  272
1198  1995
466  328
835  119
1554  1542
402  1977
1338  853
197  1065
1949  558
1957  75
1546  1421
1079  431
1942  1823
771  1275
462  1635
971  364
1655  749
670  609
1346  207
666  1920
1240  1203
1395  1046
1331  1060
1609  1816
1275  666
1389  879
1301  1788
50  1861
1437  982
777  1304
505  1267
2  1843
1809  1271
330  108
1000  1856
1544  629
211  233
1946  1313
1217  427
594  659
1321  1352
566  931
783  1467
1357  1614
1030  1909
1745  684
1811  23
1398  121
1475  779
1414  196
422  228
1412  73
818  1464
1849  1610
1786  498
1252  1718
314  743
1032  1406
1237  1170
1254  1627
1401  1422
1292  708
1645  1541
1052  1140
95  1634
1571  82
452  803
1927  1570
1425  1961
997  886
1621  1014
1561  1761
65  1527
1652  1091
1498  1712
268  289
900  1143
1839  106
1618  1583
1265  1219
1631  1023
1840  1312
168  651
624  1746
1397  403
363  1032
1702  186
322  1491
1849  733
605  661
662  1103
160  1435
656  1373
272  715
555  834
286  781
910  1913
1890  396
858  905
908  1653
1748  720
1070  1646
1439  130
1260  999
772  932
826  1372
444  518
159  943
619  802
212  34
202  1769
185  344
488  309
1067  256
635  168
904  352
1981  399
1183  1903
746  511
1412  540
1247  47
1878  502
1031  418
1694  1404
1519  946
183  1735
474  83
798  1174
1805  179
22  1972
797  420
1996  185
964  1966
806  1069
1641  1157
1289  407
1525  1941
285  1662
99  558
264  766
70  947
32  1257
179  1678
1935  382
912  1764
220  32
805  272
1412  1648
251  1864
1669  821
976  1371
166  1451
1688  1168
1517  1654
388  328
438  1880
1720  1571
1831  751
1627  112
132  1364
1930  1472
872  1911
1021  1135
422  133
1982  229
479  1988
1521  1251
413  141
1645  747
951  255
7  248
1100  739
1791  1840
1663  1748
598  1168
1311  1329
620  963
523  1888
279  258
1209  339
792  1573
1459  953
1687  1026
1703  426
532  63
1320  68
851  144
63  794
43  569
754  333
923  873
586  399
1373  210
520  1895
1203  964
1598  1644
1792  540
1721  126
821  1516
971  1189
203  235
1321  1447
52  1216
1891  55
1725  880
1516  509
1001  1719
990  535
30  182
1995  1164
1268  349
711  989
642  831
138  1271
1751  852
1237  1089
1805  1495
262  403
715  1711
1138  1962
170  1778
422  1355
1292  1248
1513  727
773  616
1313  1688
730  85
936  956
1640  401
936  993
1734  1037
537  102
1741  1365
1764  737
1640  1428
1783  1660
1219  375
887  1556
856  1436
1803  305
506  1852
837  1349
382  366
390  601
1718  183
1619  1196
1985  1398
163  1222
753  1989
1996  361
1118  106
327  884
911  1954
1540  1116
1428  170
1799  1507
1057  204
693  77
850  43
662  675
258  1115
792  1965
895  95
1892  923
1969  980
1029  248
1133  928
526  1320
1923  1775
1019  1315
475  1624
1737  1224
1792  173
578  154
1420  1061
912  432
1680  838
325  1287
246  660
7  1616
530  1976
30  373
1866  171
953  979
1392  1788
763  1883
1921  887
1127  1587
439  785
975  1796
939  964
1740  114
1348  1986
1879  391
1741  1457
1695  831
554  1070
538  1806
580  578
22  1873
651  1501
1861  652
333  1026
1020  995
591  1546
1482  1175
55  883
938  474
426  1984
1108  51
434  743
1521  1040
1381  1019
758  933
697  1534
116  1940
1762  1077
270  1689
1033  305
1103  711
1009  756
975  1132
931  373
137  1249
260  1639
1047  1618
1355  1810
29  1326
693  1459
204  1072
1724  1571
891  1243
494  450
66  950
1631  1864
1612  865
780  1154
1328  466
1177  725
619  857
1906  566
1069  1209
1697  8
165  1675
1237  94
242  1244
1085  1600
1229  803
280  647
1048  531
1405  765
1537  186
1114  1957
1985  1308
510  1503
1801  975
1656  498
641  867
992  446
514  936
1969  1476
333  252
367  1629
1777  1178
1787  1980
732  1207
793  487
1310  696
1027  1666
630  713
1570  1936
1853  1837
1704  115
940  938
1959  1346
443  1873
1167  1670
663  1779
1773  437
387  271
1071  1844
29  897
1732  1100
1194  7
201  1390
528  1966
1453  1320
1192  1203
1561  1938
670  439
680  1686
61  27
1705  403
1467  700
691  1728
886  840
1095  546
1880  1232
814  1138
1651  1979
1437  1996
719  1391
1062  1163
1591  820
1077  1999
683  619
1050  1919
892  354
824  160
1759  1325
7  1998
310  308
749  1463
1299  1396
147  1622
453  669
1858  681
1007  1826
907  1222
1282  480
415  490
1287  348
899  1845
163  997
765  1717
57  764
1330  1595
567  391
1687  889
1530  529
1568  1069
908  184
792  1368
1875  1927
687  1043
25  1740
810  626
771  976
972  1768
687  758
1602  1213
1607  291
1433  1943
642  1059
1102  1648
1146  675
225  800
264  1368
1488  65
1714  992
1448  1964
105  803
306  1378
792  684
518  723
799  1947
1489  1721
6  369
696  586
1529  436
204  1665
1224  954
702  127
741  897
1936  1480
815  1802
1545  219
1851  1978
520  1154
199  878
648  561
884  180
415  654
149  661
386  1924
1589  949
1598  19
795  334
1089  1643
1272  1846
1241  361
1790  321
1916  718
1249  1612
248  1229
267  1669
1047  318
1184  986
45  629
435  776
780  1828
1209  1998
43  1009
296  1926
711  1313
1893  1239
719  641
1941  1191
871  1133
1715  1212
214  368
1599  195
503  699
1129  1921
1929  1737
1320  1840
1118  1926
331  325
615  1797
424  349
855  499
1959  1511
1075  1687
630  1570
1665  1214
321  806
658  30
288  505
722  1451
1943  213
1466  535
763  1328
41  1367
936  1501
87  849
1621  1021
596  1309
502  168
471  747
196  329
1949  1022
350  1943
323  1415
1023  662
590  458
1375  625
7  406
1125  1795
1246  965
1778  283
163  8
1430  1614
815  1904
744  1285
379  1733
1125  263
1112  536
1081  1093
349  163
83  49
1332  733
1103  218
992  1355
1921  647
1676  95
242  783
796  391
1496  672
1747  1290
965  566
1534  1855
378  3
76  710
1994  1176
1855  832
1935  377
153  940
1482  858
1577  1212
1935  1724
1586  1602
676  729
1988  1002
1622  1041
585  393
184  1428
562  896
245  1676
282  778
97  1404
1550  926
1517  319
987  1589
437  723
26  1890
126  788
87  225
1952  625
616  449
1529  772
1717  25
1939  1990
1359  749
602  1526
1992  329
1920  200
789  232
1886  248
1262  1659
1190  384
766  1723
145  303
758  395
180  363
1980  1392
1875  1682
1076  1222
7  1487
250  296
156  1724
492  151
1088  708
1523  1248
753  573
1709  1401
586  1129
1297  232
159  81
252  1276
127  300
329  1028
633  1623
1489  1308
36  236
485  1645
1812  1888
1847  464
1030  426
350  283
68  1245
1368  120
345  1270
1073  832
261  1140
1880  1419
1526  1386
1267  736
730  1106
5  1585
858  1876
76  1129
124  768
975  1158
1963  461
485  506
1787  1800
1523  1158
1612  573
1178  1056
1984  1928
878  211
714  1024
1741  1107
1463  41
1803  116
933  1414
1939  134
552  189
197  1948
1752  1387
637  1541
416  1391
329  47
1795  972
265  1746
1314  602
371  426
652  304
1032  1795
924  586
1278  911
1876  1307
903  691
1670  288
700  1770
1739  974
378  1607
1675  664
1733  346
908  1760
1881  1056
1523  498
1763  263
277  1580
1523  484
159  1584
990  75
314  323
1219  1197
209  70
1335  253
1693  160
140  1410
867  1344
1659  259
600  1188
339  175
151  1379
1988  633
408  135
781  1125
1370  1711
1667  1383
638  1452
284  104
1165  134
1797  1413
1568  643
1747  982
962  1505
717  1504
1941  1508
519  1039
968  576
1703  265
1717  1170
342  992
1938  1499
604  1015
389  1456
1646  964
586  1171
524  1242
161  615
1655  123
278  1257
1184  927
1353  891
185  535
1084  191
1355  846
840  606
921  836
1466  1665
281  1751
268  425
1096  530
1578  533
1125  1155
771  958
68  1094
467  686
748  1711
1877  1356
1665  71
1383  906
1816  910
471  965
1295  887
778  1412
1508  1795
1460  628
237  1866
157  199
518  1867
104  1715
342  108
1748  1848
9  1828
1316  1347
55  1225
688  770
1424  1857
1558  1426
1899  826
306  1033
1990  267
474  57
448  1721
580  716
1179  1417
1823  1868
818  1831
67  157
1104  1684
1815  698
1691  393
1228  1721
150  1789
1659  1217
1994  424
595  1869
670  391
1474  1390
1863  364
501  978
78  570
952  978
93  106
982  319
1166  1040
1673  1842
797  1170
1295  306
53  777
1130  189
1873  1644
1182  1616
1455  1460
1127  866
146  16
166  1928
1733  5
1960  307
129  82
586  982
163  776
1328  1744
186  1621
894  1798
1914  1088
1343  849
970  648
1735  632
1861  1642
1548  706
1845  1285
1078  340
1467  160
905  853
1358  1597
559  231
473  1364
948  138
931  1350
610  1296
1271  1175
634  758
1566  1786
786  266
789  1714
1461  1947
622  664
1435  135
812  814
1202  552
734  1510
1610  659
695  316
412  1462
408  1754
1774  1043
1791  1773
1891  1596
713  1759
789  65
1121  192
1592  1170
1274  528
25  1026
1413  546
1748  677
636  1561
103  1500
1835  1245
657  716
1865  1092
1718  1245
1883  65
1588  958
380  1309
608  1416
232  675
969  1510
483  1902
931  1870
137  785
1816  362
169  82
622  897
1360  947
1527  90
928  1547
948  316
550  1592
481  1508
309  1414
737  1876
970  133
1261  112
1880  763
427  108
394  1645
1352  248
219  1178
1787  803
270  985
1953  1722
1922  336
52  1586
1316  1426
1013  446
1236  1415
1079  1533
761  1129
216  1024
1822  286
1686  1784
1416  1100
855  1675
370  454
233  433
1749  1547
1402  547
175  964
1905  1531
645  949
1506  710
579  1710
166  355
1157  1994
573  1739
1063  1640
424  257
27  1731
1807  571
818  526
406  62
1822  106
1800  1073
96  447
873  674
1271  66
541  1791
132  1460
1758  1782
1156  105
476  1092
451  750
1380  1199
1578  1804
1245  1727
607  62
753  620
919  89
1090  652
125  187
710  720
114  78
546  1959
86  1199
923  321
1128  1065
557  360
1507  298
1583  218
699  217
1249  997
82  432
849  1817
666  8
1423  1151
1427  1362
272  1848
1170  1482
1264  53
301  1550
1042  1417
1206  285
524  1254
148  1324
1604  1605
616  1355
372  1292
1426  1292
1620  507
1974  771
1891  1048
1506  1498
613  406
1224  733
1233  1727
1104  1273
11  1684
1654  1883
1569  61
632  1143
1325  1478
470  805
119  202
1379  1017
465  780
1688  1556
830  1167
1699  999
569  106
1244  1637
1233  234
1395  153
801  292
633  1228
261  503
736  693
1807  1308
1638  1563
452  1940
1131  1087
1907  462
858  1326
1556  346
242  1108
390  1769
405  1627
1494  561
357  1386
1609  1717
1924  1084
105  328
1875  701
1281  1228
45  1632
746  1151
1246  363
1852  1058
1678  1844
935  594
315  902
836  1394
1603  514
1840  1688
1948  245
1310  963
1531  1793
1554  614
1859  704
1755  765
830  1278
522  1123
936  1584
1493  51
1076  1890
133  622
1132  1699
146  14
1421  1731
867  1314
770  1131
420  669
1875  660
1336  1361
1173  247
1102  1584
386  520
612  1480
1715  498
424  790
160  713
515  1402
1388  690
1413  480
802  1743
1994  1331
1912  1605
1434  937
1239  1982
14  678
1367  1179
600  1943
886  1806
114  1135
440  785
617  1352
593  1139
155  902
635  938
1325  909
1670  1096
346  1719
138  1596
1332  1194
449  1348
1670  877
920  1400
423  517
20  482
493  176
476  1288
178  957
1327  1226
996  508
1421  850
230  576
666  1301
652  463
1371  1667
392  1624
1765  1919
1116  102
1662  1262
1609  628
654  1876
1750  1144
1470  426
1508  177
1879  427
1387  1086
1354  306
321  1752
411  1344
1673  1429
316  1343
1769  196
421  1433
1780  58
856  1989
375  1328
1464  1249
508  484
1406  1832
1909  475
434  312
684  215
1254  1936
52  86
648  1388
1294  111
99  259
558  143
1563  1893
1508  386
1743  1501
1306  436
1065  53
190  397
510  1978
1609  1915
1783  1351
1122  1958
49  1962
757  914
892  1864
654  32
147  1003
959  719
157  361
32  1989
62  768
762  1391
250  239
588  533
1105  1301
1063  270
602  1865
1956  37
809  1365
1017  867
1777  654
1523  156
1226  380
1482  1881
1795  223
819  614
245  147
730  310
445  1399
1529  1719
1472  603
1250  1417
1593  320
1778  433
991  708
1348  447
616  1223
780  984
894  1339
52  1904
1632  293
496  1823
1567  1590
631  567
464  238
1290  1743
1316  446
1909  1356
1032  1555
687  1190
385  1504
403  1460
698  1733
422  1218
1030  343
974  1642
1221  1245
172  1966
1155  663
860  627
108  1
937  744
1135  1350
1517  1325
869  911
1410  1585
1040  1315
1568  971
1283  1958
203  1319
1222  1119
444  1353
667  47
434  1529
1817  1097
152  407
882  356
1277  291
354  905
1846  814
1636  132
1084  1155
1258  1259
1778  329
878  494
1763  1104
793  822
1585  683
849  1840
885  1264
1924  1793
338  1120
1157  622
195  1242
619  646
1629  681
437  706
1688  1089
693  1515
620  1279
1145  1956
1753  1876
1552  658
249  567
212  1734
45  292
936  135
1362  399
1186  1473
218  501
658  549
1151  1135
750  1749
127  1802
616  532
443  1422
606  152
1000  97
524  451
398  1575
1006  1813
1450  243
1920  1102
1718  1809
1415  363
250  299
170  28
1707  1564
1805  236
412  864
1918  1017
173  1833
246  447
1898  935
576  420
1520  159
1994  640
1073  246
1624  343
1830  1011
689  722
1569  218
1715  273
83  599
932  558
1746  1329
1090  1686
1561  1861
1307  1858
117  1216
982  40
69  1045
1358  1420
1322  1376
1595  1499
671  489
1641  809
713  1820
482  235
1939  997
1235  1324
542  1004
1744  1332
298  1156
1597  1385
333  1028
1674  1302
532  1334
135  1894
1896  499
91  1989
109  1237
1117  1272
1464  1268
1541  604
1082  494
1465  1042
1112  1287
1892  253
721  695
1538  368
478  1337
847  351
1516  194
711  716
902  862
1237  419
402  1173
1982  1293
810  829
1643  587
482  334
451  503
1456  834
523  1159
949  977
1720  954
1841  1309
844  1784
695  1521
794  1107
1347  1350
948  1958
1634  457
64  1393
1644  1287
1492  48
1739  534
1152  1148
493  1695
109  1929
1088  1964
905  348
135  1654
1739  1586
452  1895
414  1652
1  38
851  705
1433  1827
314  366
999  715
27  1448
498  565
365  1948
223  509
1579  460
929  326
1045  1146
1664  1027
286  949
1897  1068
1637  23
140  1091
1216  237
346  1961
840  1231
1534  50
1217  695
226  78
207  1580
1451  899
1419  10
534  838
1150  1581
834  1439
221  1390
1064  1594
1556  1219
582  545
151  93
816  936
1315  355
1497  1500
798  576
288  750
1797  128
1569  404
131  200
450  225
534  1541
603  1229
1232  325
1058  1969
1102  1041
757  497
41  200
1220  1966
1692  793
1035  1830
1533  820
51  19
39  607
1855  884
375  688
1128  1072
1708  1393
299  1084
652  1262
907  1963
1743  599
583  1918
1650  366
1328  1209
492  735
1485  164
1076  564
1082  1020
184  2000
1426  510
937  1488
1408  1818
1477  363
1424  889
1203  1220
337  437
1068  1419
522  1149
569  1677
1697  304
1457  1612
981  1900
1706  625
1424  1469
825  737
1480  3
1194  324
758  1111
1327  179
1917  992
591  1991
372  1999
1200  32
884  817
163  1275
1212  989
692  1332
1022  474
645  653
190  672
1424  1009
234  772
1060  36
508  1382
1293  1629
1854  1968
324  1162
341  494
221  227
631  534
461  1363
70  534
1092  866
1691  1177
349  381
1934  1237
645  1224
1543  652
761  420
130  1954
1206  133
599  99
841  236
1122  333
1653  610
1185  317
1443  1818
1605  428
439  715
1327  469
1666  1474
1420  1771
788  1586
775  1080
365  1414
1291  322
1710  1645
8  810
953  1363
71  388
705  1190
1242  770
1970  1313
1902  406
826  1624
660  382
1370  58
1622  896
246  590
290  676
1132  75
803  701
1865  938
946  686
632  1003
705  1754
1412  710
195  635
1089  1453
148  1596
1432  333
428  1028
1389  843
1640  1084
570  762
1295  1149
1262  1559
591  1431
783  1541
1986  503
1305  1534
1842  1478
1695  733
1786  1798
513  780
460  1338
1714  729
567  1508
1272  1207
940  1589
669  1749
283  180
1139  1146
1450  1039
611  88
848  582
912  121
383  512
698  568
1912  1269
1527  584
660  304
1737  503
272  724
1954  1399
1297  1659
351  1547
1865  424
838  160
1511  1549
180  92
644  1136
1338  559
812  280
463  1808
1997  1533
1357  1665
1618  1943
757  439
1966  542
1227  608
78  1933
1965  1528
964  205
794  21
312  1420
812  668
892  729
764  702
1098  332
1464  1709
1173  507
337  642
288  1119
326  1382
829  383
1009  1426
1968  910
1961  60
127  724
1813  796
523  265
1599  1162
32  992
1293  1097
800  1761
1088  966
787  1830
578  1100
350  523
1638  533
550  1440
976  1441
21  1502
481  41
1320  1469
120  73
1157  821
860  86
199  1603
10  1419
717  984
706  1488
688  918
769  622
1320  846
1  324
1968  1584
1493  1378
1694  1278
1833  1023
1155  930
1950  575
1321  226
1133  381
631  205
1124  401
1794  1343
1154  988
1196  1778
1066  721
347  1252
1443  1935
1236  1447
1185  1144
554  1880
1434  1571
354  102
1846  1927
998  672
1626  1943
1869  1885
1356  1723
1258  442
50  502
1678  1042
115  1508
1774  373
1764  888
175  1971
702  295
962  1864
1595  1277
706  729
1261  61
62  1470
935  922
772  1892
1281  688
200  278
1275  733
108  379
790  801
83  1751
61  186
1161  498
228  1363
748  1826
6  302
1344  162
1480  318
1982  162
601  290
1393  1414
336  429
1682  1717
127  342
1724  1809
1549  1103
935  1941
1140  1937
1861  651
515  809
625  1402
1648  633
1296  748
1777  368
711  553
1198  300
1774  157
843  1197
1549  645
735  704
314  1174
1630  1728
1048  222
1148  1972
453  419
1883  1572
1240  95
398  1537
723  1651
719  344
371  874
213  622
289  606
364  1008
1446  1756
1881  404
945  466
273  871
943  582
838  634
923  654
973  200
394  1697
1499  1543
404  147
475  245
1676  1238
1815  934
550  1189
873  1987
823  21
1914  923
1282  405
1554  806
1251  174
1248  1420
495  437
1988  598
214  918
534  962
325  1389
876  1520
1978  1589
1063  951
1216  1833
1586  280
931  602
66  1825
1609  659
629  846
1946  1063
1789  392
919  1866
1100  1900
1037  42
1534  1539
1691  328
920  787
491  425
1343  1737
1783  255
941  1698
1680  1678
446  348
1757  43
797  1026
1589  1462
157  1110
1335  1470
285  937
472  1707
1391  1356
687  1500
1034  1312
576  1400
810  1903
512  459
128  85
1053  965
760  731
559  1909
1704  1937
742  69
1682  817
118  461
1426  409
1304  1228
1272  393
371  1315
1716  160
1513  182
1300  334
1636  149
303  158
1202  294
271  918
781  658
1616  268
1549  283
135  1052
905  580
595  1500
1015  1307
679  1798
240  842
302  1414
899  1380
1786  1844
348  1626
1206  1612
94  1964
755  190
1546  1232
40  1062
219  141
1149  571
1031  1514
1011  631
1130  33
1975  162
550  958
725  220
1499  693
497  1780
1629  10
1894  398
393  483
1582  1631
626  1548
1816  989
560  63
952  982
655  1074
1191  1368
239  1903
1850  367
121  1761
565  895
924  910
1942  1438
128  1826
1180  636
1188  44
380  657
1838  1269
1433  13
1413  257
1734  1850
1629  60
909  114
30  1425
1948  1014
191  559
1312  286
687  1212
1095  993
423  1159
452  1018
1529  1222
1499  886
1097  1605
893  134
655  1643
1865  770
1313  1611
1477  1807
1064  1927
991  1300
761  1805
716  1750
1011  316
521  1876
1548  644
200  1141
733  244
730  731
1948  1962
1727  1700
988  1795
1730  346
1977  762
347  1666
1920  701
387  857
390  1849
1678  1215
266  867
327  10
937  1489
790  1205
1659  718
764  1928
1451  1657
1624  833
821  1734
565  24
1549  1152
1122  1977
900  853
72  971
1443  1659
547  384
1601  241
899  1163
477  922
55  568
956  1958
1639  1279
161  1811
375  662
1321  783
929  1761
1680  1117
627  802
351  105
187  936
1431  562
1952  1966
1952  1538
1154  1459
995  1463
1270  1353
516  1165
457  759
854  1468
1647  399
1772  1390
1456  337
1465  1214
1613  309
847  549
143  1383
239  1429
185  485
1367  1116
901  1198
1938  709
392  1441
1402  1821
522  373
659  1756
439  1525
1128  574
392  1123
1929  1336
451  1925
996  1846
1616  24
315  1813
785  1999
1460  1759
1489  783
1012  1571
237  631
1423  130
1553  1432
562  202
1989  1524
355  1853
902  653
531  1446
1768  1205
1404  422
60  166
1382  1931
530  1202
686  1170
908  1881
1898  8
1910  990
452  1616
1320  656
669  1183
215  345
704  1431
1630  231
339  1797
1782  193
268  1110
125  94
829  236
312  690
1594  517
1782  656
1730  1933
1527  308
1317  1642
1617  1477
715  1994
1655  1723
1938  269
932  1611
482  439
42  1427
301  1959
530  24
1474  1687
28  328
125  143
71  1870
991  1061
1649  891
115  590
1904  1429
1563  1827
1562  1629
1364  7
1926  1182
847  924
230  1850
25  1843
739  1457
62  132
1437  451
769  525
1135  1082
896  36
859  533
1753  33
1940  1782
1152  1178
212  1560
446  1560
1484  944
1373  1640
1997  1263
1481  73
832  1023
599  8
1491  621
1625  1448
133  614
67  1413
1258  1143
601  1448
1172  341
1835  1360
1246  83
1597  316
1531  468
661  1102
1183  1468
1160  839
98  1821
1755  125
1277  290
563  457
1588  1582
686  361
1904  554
410  212
1646  627
799  172
1311  3
1787  1253
191  388
1805  200
1085  454
1252  915
210  736
1353  1201
1587  560
1663  1394
416  164
1607  114
1152  1231
423  1866
1682  886
1643  1042
344  1909
1841  61
1949  1079
1651  253
1358  498
309  1480
1901  1725
1258  1275
435  913
1141  1071
1923  1167
1312  1614
218  1973
681  833
436  228
306  1191
1868  1902
1168  1753
461  1308
1937  1355
1277  862
1432  654
1542  124
1508  1141
1082  1132
95  669
677  757
727  865
1888  1660
172  231
1657  464
1600  1573
1684  408
1120  1410
247  1491
77  1938
1949  1431
695  964
1008  1112
1961  1768
728  442
481  754
1943  1082
1927  1736
590  168
242  1271
1366  360
675  840
1001  482
847  1251
469  1425
588  1901
1266  1218
950  1771
640  29
505  570
1326  75
1186  992
1925  104
593  1800
225  1979
991  325
1656  1236
1524  842
196  1761
762  16
1672  377
449  1195
1476  219
780  277
536  875
1910  1916
277  1249
1581  1447
652  905
398  733
859  789
1612  720
1712  1044
1179  341
195  366
797  1969
299  1466
806  357
896  1235
1581  1289
436  1448
560  835
742  1974
797  1807
688  1993
340  701
217  1844
821  1627
393  364
1270  920
327  1062
968  1
250  1219
1979  1140
394  1893
156  1677
1891  35
864  246
180  709
1459  1529
976  298
1274  164
174  1713
1713  1912
1157  1443
443  1360
258  1015
1313  1595
1731  78
287  1633
1335  1246
1715  305
1043  431
1319  227
757  848
1767  1080
424  1343
1654  1641
77  679
1650  1576
145  1261
883  1879
541  726
202  609
1133  93
433  1707
1454  1565
1289  113
384  540
1228  1422
1170  1350
140  1768
49  1385
305  1256
1202  1022
1698  1645
931  493
1248  956
1048  1576
1285  1255
1838  1757
1203  344
1407  473
830  1696
885  1818
1655  204
1018  67
278  1975
792  717
1119  1295
1929  1995
77  1092
1687  180
931  606
1181  280
1569  678
1999  627
1610  533
1505  1353
121  560
1406  1850
1845  1555
167  1672
629  1509
105  821
91  329
873  1776
979  1353
762  1953
1958  1307
436  1099
483  871
1833  885
732  141
676  1200
1637  470
374  1636
1320  1122
203  1862
1458  1295
1790  1813
1203  1508
1281  1864
1623  1491
782  1206
182  474
1422  1996
722  113
557  1241
240  507
754  1634
1184  1173
1251  930
968  1835
408  186
1195  1189
1474  1625
1027  1732
655  1608
797  493
67  91
1959  404
1279  1773
1529  1626
1084  5
929  1321
209  406
728  1725
1349  374
1756  911
899  317
371  1232
541  1925
560  102
931  137
8  1290
1034  1909
1714  1069
1458  282
1462  249
777  1331
709  1963
223  391
410  757
1412  48
685  1671
534  1253
76  722
1215  867
1443  6
1614  1258
303  328
1732  1844
785  1533
660  1537
1431  266
880  427
1126  1700
818  103
414  291
1652  359
1948  1471
1229  1333
524  1543
1699  1401
1311  162
49  1615
1559  1731
1981  1564
341  509
1690  1881
1002  1402
1435  406
74  1346
428  777
453  1567
1428  1327
272  82
1408  1597
620  1024
719  1632
1416  506
709  201
737  731
1737  82
1664  1334
1396  386
147  1001
1065  938
1094  1922
1344  1529
1772  702
476  2000
93  167
1447  62
1409  1223
1131  664
1164  1155
1396  1972
840  814
1342  854
816  1102
1304  399
432  448
1312  1916
498  1519
1126  308
1222  678
1066  944
1457  330
787  1161
156  1024
298  242
1860  708
555  838
0  1769
1136  292
608  141
665  977
371  1653
1300  231
1590  1415
1795  986
573  341
99  660
698  361
1601  1475
955  47
1000  442
1395  1054
771  1033
1720  764
686  1135
62  610
1402  1902
1749  1764
918  1213
1590  239
1318  642
1564  816
531  1829
333  529
690  1786
1503  803
1740  96
569  1179
350  1871
100  1297
1810  1750
268  818
443  1454
1782  1225
213  750
502  212
887  700
1226  1909
674  641
624  1615
861  695
73  1090
788  1795
402  1512
214  1152
494  1231
1152  900
595  955
810  1470
1124  605
552  296
413  1166
945  1954
739  1700
409  302
824  871
788  1335
770  723
261  219
168  841
440  1550
1986  1341
977  1288
629  1255
524  878
1356  679
1080  1456
50  1522
182  1936
173  393
1273  573
34  798
450  1412
1918  1892
1690  1312
1042  1640
293  900
284  743
1705  1182
1486  1774
1814  1445
16  1193
1269  1812
1242  1000
1898  17
438  1675
1841  1506
491  416
1924  1395
196  1317
1043  480
575  1011
1909  266
1656  1335
522  1592
1611  328
255  1236
355  1105
737  1802
36  1762
1447  1260
337  1323
1229  1950
1583  1753
747  1856
1379  1769
1683  577
177  155
1583  729
1258  1519
299  120
1359  1756
1926  1999
902  1808
745  409
572  1414
537  374
1547  1198
202  588
1978  1245
808  1367
980  232
1038  355
1804  1848
817  1555
1234  934
432  652
1578  1555
401  821
1654  1841
73  1583
1900  290
13  846
250  1383
410  709
866  765
1625  387
502  929
1009  1411
928  945
538  1510
265  1086
1194  808
697  1428
1849  1900
686  1454
174  647
114  1841
1634  1495
1121  933
16  232
939  528
991  1198
1234  793
1267  525
1474  112
1003  1707
277  1318
473  1072
726  14
109  1494
344  1544
187  639
231  1289
1571  1778
1416  40
428  1047
1691  627
970  1205
930  1908
1079  1812
340  26
1832  1754
2000  1666
874  183
589  1085
896  387
835  1121
1777  1426
897  786
1243  1614
419  761
1177  1775
113  1564
1641  242
1102  768
62  1077
1196  753
984  1108
1453  1108
874  431
1447  64
245  1527
1448  1951
1795  1636
1399  1837
85  1111
1901  1039
1709  1386
1842  1804
1536  255
480  46
1511  218
1004  1051
1485  1834
574  1757
87  1351
1157  1395
744  876
678  840
882  1233
233  819
1459  1342
918  1680
1244  1536
1016  932
431  756
1864  442
518  870
1243  1994
1422  308
239  358
33  1841
1007  780
1283  1020
773  1703
43  1227
1016  1794
1262  1148
628  903
62  1414
403  1173
224  93
1947  176
1790  1128
1811  1125
998  24
1021  1720
1793  238
1298  1429
685  368
1186  1380
1372  923
460  1322
838  1444
706  462
671  502
211  1898
95  548
785  1846
1817  93
1372  1558
1665  1454
1536  6
1538  73
808  1312
690  1895
405  1959
613  158
1512  1429
1219  741
875  140
912  862
1631  929
14  1175
593  1385
701  1968
1600  791
1791  581
1926  1219
1216  1718
422  163
1159  1782
1249  560
642  1510
1103  1715
1129  1367
1802  419
972  1233
795  995
63  1083
1952  8
538  820
569  1856
879  1047
400  10
578  831
1218  6
1087  1169
1570  853
1627  1908
1170  360
1258  1335
848  1135
629  1134
138  586
1627  798
1567  589
552  1079
1222  834
112  455
1428  977
1028  38
1191  1014
229  628
84  1314
612  1335
1596  1575
1467  1530
403  364
1136  573
878  1041
1813  1739
56  903
823  1352
1630  30
1680  282
634  454
1430  481
1763  408
719  879
1615  731
1372  1723
1318  1180
334  730
438  276
545  1443
1527  937
1095  435
402  550
1360  1063
1290  69
341  1505
1033  910
245  388
64  1371
1208  1793
1587  1075
801  941
1013  223
898  178
487  1045
1946  1174
971  479
1315  1520
1063  1281
1337  199
555  1878
191  882
984  1815
1204  1258
752  1239
1726  70
560  1908
886  653
838  1962
66  291
217  1608
1256  1822
1985  12
1041  316
37  1038
1813  1376
1563  1845
1163  1015
363  1562
216  847
1134  1263
36  622
1543  248
489  1349
512  2
889  569
1580  1251
856  1005
472  75
95  1803
698  1092
1210  1968
1857  355
955  405
1646  545
252  1023
2  964
61  6
1733  1030
1419  213
439  28
313  970
1186  974
386  521
900  1148
829  136
878  1404
1833  596
1009  1745
824  1568
591  734
1607  1471
649  1821
1839  553
220  417
1975  104
712  1425
698  1929
172  1503
1823  1785
342  1158
874  1708
1350  868
1523  815
754  1532
607  1222
306  1808
830  796
1577  759
1148  1055
1687  827
959  1807
1718  1941
859  1143
421  87
1199  1843
423  1109
684  826
839  1794
537  1096
587  1531
1962  707
1646  205
61  947
1568  1452
130  1008
1407  161
29  84
1168  565
1981  1804
1700  193
1487  1652
1071  1650
248  393
639  1021
1569  1285
1163  271
437  1629
1020  1132
1587  1415
1189  732
26  1198
1156  802
693  42
700  1679
16  18
485  679
99  1603
1271  1655
570  366
1972  1859
1230  1441
636  892
665  275
1473  505
237  485
1871  1535
1687  337
1943  299
1433  863
1522  1353
960  985
1661  1930
1744  1315
1586  614
317  1341
750  1050
1373  670
42  1200
1767  1578
1284  1433
654  1539
362  1078
13  1038
488  659
201  1999
402  102
401  1989
420  159
1751  513
1031  757
83  31
1201  1093
406  762
254  363
592  1431
1307  1121
1266  1148
476  744
1518  1171
464  1765
312  1979
1574  556
1967  755
1523  342
1395  740
1970  27
202  1062
920  1958
65  1549
1478  739
1620  1183
500  1239
1426  1909
1142  1553
1057  1930
1671  757
644  1739
875  1957
1189  720
1263  34
895  275
726  389
1146  1490
1719  1067
657  372
1795  54
745  1184
918  676
5  1027
1512  1324
1945  1904
1615  869
1184  591
1650  1983
1495  1243
1435  1996
1907  1320
376  120
244  70
1596  219
30  1149
26  270
1448  1311
1823  372
158  20
262  643
493  1700
306  31
489  1991
657  1387
1777  1225
1426  1023
437  1877
1702  1021
1689  1445
440  502
1566  1896
105  995
449  510
1213  367
277  1303
65  1067
803  1583
1837  1271
954  49
372  1213
1531  1954
1269  1477
422  1457
1060  477
1944  1188
1573  241
1207  614
212  673
233  457
488  1936
1499  1151
556  1467
1465  519
999  1711
49  670
367  1194
1002  3
1749  888
129  1839
906  1542
1275  70
1757  569
211  401
697  1086
1669  607
1764  834
1651  1307
1190  1448
321  344
1437  166
1652  551
1478  388
661  110
444  1387
368  1990
1882  364
1731  1863
1508  1336
1507  446
1290  1920
1047  1608
728  690
1303  535
1172  1716
702  177
555  971
1156  1826
966  405
972  1801
660  1395
29  1862
1912  1467
679  132
645  1741
1224  717
298  1990
687  89
765  1390
1394  1751
172  1819
687  1634
1033  1047
1951  1015
1843  543
1601  297
851  1893
486  1160
1937  867
1837  547
852  453
1096  175
51  1398
1493  1013
43  527
1557  1691
1553  310
43  407
1102  1366
1464  752
901  247
999  1840
1454  505
334  1828
129  65
1041  1127
1927  1451
1433  1123
847  132
450  384
1840  1176
864  1925
60  536
1602  152
1269  82
210  1310
1111  451
852  1988
1851  462
305  1541
770  559
1918  1471
530  673
1509  205
627  1029
118  456
1528  1094
151  1499
952  159
197  948
1098  1242
1327  1971
751  1752
1709  1045
1611  1010
1665  1387
638  1635
1226  1862
828  832
1192  1930
1436  1927
1993  1461
307  1590
734  1164
100  398
1  1497
433  1037
1766  994
474  752
257  912
420  1224
1288  1699
2  1551
1476  1648
1833  1951
436  821
751  1107
1773  1342
1376  1715
1361  819
1213  1266
1628  755
315  1696
1327  266
77  0
208  1944
775  773
535  1066
1161  524
1888  788
230  622
478  790
1079  875
29  1671
253  545
1806  380
71  550
1050  1622
2000  1932
487  1831
1476  534
1983  1120
754  1237
222  293
792  1857
1017  1543
469  617
1121  496
71  1038
1347  989
1873  613
745  990
1539  1409
279  1722
418  1787
1154  20
994  27
1423  812
1068  218
1786  592
392  1638
1000  178
146  599
101  774
1620  723
1870  1756
1834  1644
1471  1234
1797  709
1472  1419
949  595
1923  1754
86  1932
974  787
1482  56
1216  971
1656  734
947  226
119  797
1500  1998
828  1151
488  1530
1964  1074
292  1154
1430  187
1416  525
94  497
524  1183
1203  675
180  1273
426  1781
1933  1333
738  351
672  1835
602  1173
380  743
1029  584
1448  1622
1908  770
243  904
763  913
1279  393
707  1303
800  1576
534  1806
701  223
570  1486
898  1402
1583  52
1547  988
1816  1646
1731  278
1292  864
1966  334
852  942
421  913
1803  743
1076  1436
605  98
1294  1786
381  1353
112  204
154  1973
266  801
1994  1126
620  1000
306  1488
55  1303
1910  827
978  1342
19  1502
863  987
55  33
724  717
689  1237
1620  1432
1629  1156
180  419
1403  408
925  723
198  1885
1151  1708
1326  553
933  736
1820  359
469  1192
1278  49
828  1854
520  407
492  1383
1522  756
1004  543
901  508
95  1205
233  826
1800  770
517  1095
940  94
441  1937
1075  1240
14  1204
1366  560
417  1123
1307  462
1188  1801
583  1304
346  1899
628  541
254  896
637  506
971  1814
983  181
1994  94
1003  1038
1345  404
80  1024
1595  471
1831  59
1329  1118
786  523
716  722
1146  1728
816  143
1024  253
239  45
1498  1737
298  1544
341  541
870  1643
1984  28
866  1014
1222  1755
1293  217
1540  1451
289  947
483  1495
93  1588
1715  713
1298  1838
1755  9
80  256
1823  112
1684  513
1220  1595
1443  980
1341  705
691  1328
984  1121
1799  356
344  621
1546  1174
939  929
1024  1049
889  335
359  1556
1002  847
1156  466
411  1219
899  1926
217  697
887  750
352  1123
1249  1777
630  702
1581  1573
1897  1868
1259  975
1035  1041
565  177
1050  1530
309  1070
1188  1589
358  1435
1294  314
1621  1252
1962  1170
476  594
1023  43
849  1842
1298  144
1801  395
1429  647
915  1351
59  1174
10  1338
296  568
849  1771
454  1322
182  1457
320  1418
1392  1461
967  554
1006  1874
1326  1180
1325  94
583  412
449  1101
1652  20
651  1568
1783  981
1000  77
1613  210
725  1625
1494  273
1233  76
1040  1330
1243  1339
1461  1046
1904  1810
1106  1708
513  1665
34  709
1673  1618
1655  804
1285  1019
1574  950
153  555
873  186
1837  1876
189  1623
598  1301
1895  575
478  1992
310  1060
1433  792
607  1926
725  1221
1331  1165
801  409
1732  1534
677  1190
1937  218
1727  1752
129  917
987  1393
1652  836
261  624
890  646
1912  497
866  1408
975  653
1117  1087
1075  1351
1261  990
614  978
557  1483
779  990
760  712
145  1653
1793  324
1490  258
949  188
979  378
835  1047
876  418
1889  357
298  59
1939  417
153  812
726  1847
551  859
130  198
593  1926
1564  1037
1573  744
1846  753
1165  341
600  1745
915  82
1923  1968
1296  448
1058  829
746  1892
1622  1400
707  1593
1155  1467
1208  1903
441  515
295  33
835  1364
1921  267
1120  1784
1110  1777
1683  1607
1045  1315
1032  225
1425  197
1094  1173
432  267
1721  112
330  168
894  291
789  145
394  1123
435  1493
498  1858
1615  1880
1988  61
1756  1984
736  786
349  529
1228  679
232  113
1920  815
1210  525
1650  45
894  1212
542  531
1790  1719
1866  1188
1714  561
734  1270
1024  1755
1815  1079
1584  1886
721  1309
767  916
674  746
84  585
1833  853
198  1340
1972  554
914  1437
1908  103
915  531
616  1131
376  217
440  6
1485  779
1279  544
351  1810
1445  934
958  1171
6  1307
1658  871
5  1687
1092  138
1330  1217
16  1083
428  1013
561  1565
209  1817
1850  1413
1146  397
1823  716
84  651
1548  640
519  1433
1424  856
82  353
890  36
1092  1323
582  1860
643  86
1067  1044
1297  425
546  690
1704  980
57  167
1048  1380
390  320
1560  830
13  1736
1094  1483
1326  1048
465  1162
1515  1981
558  454
1942  1876
673  1916
975  796
937  932
1514  979
584  887
460  783
1879  1426
1397  254
656  1706
1488  1749
248  611
439  1534
1066  306
30  707
502  826
367  856
1462  853
1955  1099
1617  7
1967  274
1180  1690
239  907
473  850
1973  174
56  1034
371  305
1618  457
687  1266
378  1854
1363  1775
175  239
629  1722
75  50
1396  457
1164  1874
1987  620
522  759
1085  1588
1796  1702
1961  94
1463  1435
1543  960
466  1028
1393  635
245  415
1133  1818
1542  1804
1490  1520
1533  1908
1547  1401
1579  750
335  688
925  488
1959  867
701  1040
1995  786
1632  1433
876  1080
1562  1298
1769  1999
1939  770
1210  1276
1656  376
1263  1950
112  1140
1916  11
646  1310
423  603
307  1869
1892  610
1839  1553
1477  1387
376  601
1520  361
1638  1734
1667  922
256  1779
1875  1319
198  1933
287  1279
33  1362
1033  807
48  161
1226  1535
1062  1500
448  904
438  1903
1358  740
1830  341
202  470
1027  1436
448  1742
386  1999
1683  1998
732  1818
261  1502
863  1483
1282  590
1035  293
1126  52
1881  40
481  312
1161  1862
1919  1203
690  1368
431  994
1209  390
108  239
1296  713
1734  1596
230  1942
997  1677
1623  1244
844  366
523  1235
120  1670
1431  679
1676  1975
1404  1881
16  1688
1910  490
712  1277
1474  537
989  457
420  1675
1679  272
650  552
822  1968
302  578
639  1581
1089  768
1732  1248
1054  509
694  1844
456  1495
1941  622
1377  1324
1749  1489
1882  1585
1075  543
1441  191
34  1950
222  801
459  1881
983  907
1026  319
356  68
1840  791
1913  655
1043  1064
895  425
812  1612
1157  1171
1128  615
1649  496
1983  322
894  756
1014  717
932  678
1234  768
1715  1306
297  1190
281  1572
1205  248
1647  1201
1992  1657
1135  1860
382  1244
1805  162
1337  1606
337  1276
254  1104
297  1809
1275  1604
153  110
1031  894
1982  1175
8  1381
364  1733
104  892
458  593
603  741
1016  958
580  1637
204  1345
1514  964
1124  1630
1759  757
1229  1063
680  87
1671  5
419  495
162  1728
251  205
974  111
202  1491
1863  1700
1940  1172
1478  1478
1222  862
356  290
292  1553
580  118
1095  1565
1891  99
321  625
717  600
359  669
1292  195
996  227
820  145
1627  115
967  1355
691  1504
65  1095
1524  714
239  450
1370  1295
765  411
191  538
495  271
392  205
444  1919
382  445
179  1625
1748  1041
229  587
716  331
480  53
1939  83
909  1715
261  681
1145  1919
244  503
1638  1476
534  82
196  1653
544  1771
1521  1422
968  1695
527  1052
1116  1307
1146  703
295  308
407  41
1507  1629
506  466
1868  667
781  550
1571  151
1600  1865
605  1386
292  175
1123  1153
235  1538
1066  861
1701  127
1977  702
1242  1699
1604  1134
1618  1903
836  185
1461  294
1050  1715
1576  362
186  1705
1086  1157
988  1328
1416  1511
1957  141
1559  1207
862  1792
259  917
1537  1004
532  1106
62  988
769  820
29  1023
911  1132
1185  283
1988  1794
701  1359
1325  1135
1050  166
1251  1567
1277  624
24  690
845  770
1041  1008
307  1749
981  359
668  1643
1308  226
1737  1209
1638  1114
1455  321
997  1768
696  383
1684  60
1081  66
1617  29
118  386
371  398
1969  224
191  164
638  1111
67  1867
612  546
1534  512
1399  798
419  947
1273  441
1295  544
1978  1012
691  551
1196  1910
547  1637
55  3
979  1589
353  228
1605  511
1301  1675
1351  293
313  68
351  697
63  551
1356  496
1678  678
794  695
1719  938
1935  1709
1077  1971
1695  1059
122  523
1080  1021
239  214
976  754
259  1441
1292  1072
1795  1364
489  419
1127  38
1610  1724
1507  575
639  517
535  1710
651  1975
143  1984
1360  90
989  1165
595  1128
564  831
991  178
391  116
236  415
33  1724
4  113
667  1189
850  711
320  1163
1232  496
1771  989
1688  1785
1048  454
1286  1378
348  373
1895  752
767  1618
1237  541
423  365
1500  1247
1694  110
520  1054
1005  965
1811  1676
1769  432
1756  537
1853  314
283  1405
987  1855
648  876
1723  1528
1253  1164
786  1237
101  1485
862  60
857  543
693  281
679  1202
1522  1901
1595  1509
98  1220
1947  1518
691  965
1698  483
1521  216
880  560
445  1974
1656  789
1859  1320
1656  1014
1149  554
1370  1356
323  921
1750  326
592  1283
1455  446
1488  1868
1011  841
421  1356
924  1271
1807  1548
1403  1839
1556  1306
1441  1010
235  927
1159  1859
1216  370
701  1005
692  1738
1350  41
1264  437
170  1494
511  1675
113  621
792  860
1748  1330
1270  1493
1256  347
1793  1470
1308  1765
897  1111
768  1890
1722  1071
82  306
1756  113
1780  1258
592  1603
1999  1621
1593  1178
696  1346
1528  1091
485  984
319  1246
1880  778
1019  1224
1219  353
1282  972
1565  117
1543  186
1540  1604
1780  525
660  1826
940  1227
515  1043
59  69
1157  1282
470  879
1677  1387
43  1664
299  1453
1541  1868
1203  1791
478  1631
3  1451
1062  232
547  1145
1850  1435
712  1301
1027  322
735  301
1600  361
482  356
1563  306
1156  780
307  245
874  878
421  1051
1291  666
1825  147
419  347
1548  376
1716  1310
289  1525
1520  1759
176  1952
1328  666
656  1843
1119  1557
973  681
1783  60
341  135
1839  1728
441  227
666  1308
899  1077
397  66
241  143
1972  1512
1928  1409
836  758
196  1880
1590  1967
907  1117
1918  1674
636  1303
810  1318
652  820
1056  272
450  1697
615  227
801  1086
510  163
35  72
303  728
1437  1096
1035  978
1339  1540
1079  1813
1245  995
1401  24
592  742
205  71
1897  1372
379  1601
1796  1997
490  90
799  1278
714  1490
1808  927
811  455
246  1374
383  1898
886  960
290  1627
1591  921
1539  354
723  1429
1219  1872
1687  354
947  1594
1007  909
154  1240
1505  1727
870  68
930  1948
387  1806
1506  1210
759  983
183  297
1842  366
482  1440
545  359
1057  940
78  1621
1255  312
1304  1265
1149  1409
1551  982
12  123
1019  292
977  569
708  373
370  766
474  1779
1690  890
1462  18
833  1016
1485  1622
291  466
438  1768
1247  1112
869  1039
1613  67
584  1542
991  1469
1397  33
1120  1084
1347  1787
200  1148
1878  283
809  613
62  1216
1290  680
1509  160
1330  998
1216  1128
882  1601
1294  199
695  1143
1978  949
186  468
155  1215
27  1367
747  1058
1120  859
1273  1170
1774  397
1561  1109
1126  184
1347  292
28  676
1460  272
1194  1105
820  874
20  1720
563  1895
605  1291
1451  831
518  626
635  1349
898  1510
80  1680
1329  834
1817  1032
1512  1464
299  1391
1041  1532
130  940
1675  79
267  1030
1837  1102
860  472
1864  1587
342  1331
653  1245
1541  550
1851  288
204  1067
977  109
637  603
495  1659
1528  1333
425  732
418  1678
1140  856
1434  1148
818  1810
570  1031
396  1756
524  1371
2000  620
1474  101
1161  229
1765  340
1488  1208
3  525
1208  557
851  1423
175  1549
631  1922
1357  21
1165  1406
671  469
679  1751
1831  571
1225  1593
863  1533
114  1424
1618  1184
1661  190
768  890
1740  570
1355  1197
848  1507
171  1693
1762  45
1129  473
769  1882
27  113
223  845
1649  953
180  1763
1127  788
418  1704
281  1658
528  670
1047  576
1370  722
391  1197
199  691
1895  1380
1535  754
403  1906
1374  1348
1706  400
1320  517
578  93
1725  1206
1181  1265
1150  1237
1951  840
708  1482
1214  1671
1298  1185
430  1111
306  563
1176  162
323  1735
1704  1878
1326  265
709  396
1877  32
462  1466
813  1058
455  101
246  1088
1376  359
733  809
1038  612
133  1610
1318  237
178  1843
94  967
526  1079
822  774
1705  699
1219  464
1772  1329
1478  242
923  1464
1882  146
456  1683
1361  1918
1183  761
268  615
1483  1184
1403  1982
1638  1927
1606  846
1584  383
1341  1996
1426  372
78  1851
48  1937
780  1615
102  213
1806  451
713  83
930  1092
1784  943
138  478
1696  1116
454  909
1913  1597
1327  726
1555  1865
587  843
1973  270
294  798
405  1004
1145  732
782  529
153  1511
1611  810
1068  680
216  572
1125  1383
519  921
638  478
1702  1356
1145  519
834  429
533  45
588  955
1513  1353
1785  228
1912  636
1505  174
950  301
1582  1676
1268  1930
600  1523
1022  791
1305  1683
741  60
468  627
1405  1590
1157  466
1113  749
940  169
622  1325
306  1637
1599  1630
191  1104
1217  1699
945  1037
693  1804
738  1999
140  1847
339  167
1397  69
374  954
1660  1696
684  1461
1012  65
1074  716
993  1592
1612  538
648  1427
471  1169
494  1129
619  613
295  21
1216  1207
1881  252
908  1966
1524  448
1184  942
146  1927
739  286
1024  26
1448  1566
569  649
695  529
1605  1012
530  679
937  1742
1463  602
794  1916
402  1431
47  8
440  191
923  555
949  1679
397  1587
481  1625
472  1981
1146  1884
1417  265
483  1567
1004  964
871  387
345  1245
993  1528
1255  719
1419  1777
782  918
1405  399
82  780
1842  941
801  120
567  1850
523  1434
1855  787
1560  1052
673  1380
1562  472
133  350
1165  868
1327  1634
1364  1009
1544  112
1462  1329
78  366
1125  1309
1913  1114
1028  1743
1922  1644
459  1533
1004  236
1025  1361
210  146
1439  1617
91  578
170  1593
880  818
481  1296
1224  1755
1665  1252
1246  1605
1877  275
212  192
1705  801
599  1774
109  1192
223  619
1563  1426
891  1612
224  1500
522  1828
950  1577
1567  343
604  1753
1259  1603
1951  1972
1272  232
918  1092
1669  311
1192  1274
154  1849
29  194
4  1974
409  1764
1409  70
1871  453
824  1597
1882  1509
190  1209
411  1885
18  206
1858  1339
799  1291
599  613
1878  108
1953  1069
158  1137
1576  1395
701  528
128  875
1313  1171
1434  1864
391  392
1519  498
1838  202
1284  895
1980  374
488  775
951  674
1501  275
284  988
1524  1484
34  120
955  1150
1522  1501
882  1460
467  1277
951  1496
1668  1423
1787  624
61  1150
349  1105
1045  1379
952  441
1487  1524
589  1553
862  203
1519  634
839  916
263  1570
1658  538
325  1025
159  812
178  1945
836  211
1865  1739
575  453
870  800
302  546
412  1759
1151  579
1070  491
744  1871
319  230
24  1078
241  9
1721  684
829  1202
389  1662
1201  687
565  248
91  1704
441  1774
1898  648
872  128
100  1245
1956  527
583  1968
1666  1535
55  322
913  1447
1677  249
1268  1637
1712  519
1700  248
1457  1788
346  942
1811  1929
1473  854
816  1812
1009  1689
642  1343
1878  922
26  1523
686  571
1582  1080
1284  24
147  1491
80  68
1983  55
806  883
1661  418
1974  213
1241  615
941  1099
1912  353
703  538
1888  1909
763  1066
715  1395
1126  686
172  1726
1271  595
1740  736
1307  187
108  741
833  1675
1978  234
1941  590
552  876
220  1643
712  1609
1760  748
810  1178
963  1695
732  86
1027  981
375  541
1169  1098
687  282
742  1500
1637  454
487  617
618  1946
958  766
1143  1165
1418  1304
533  1417
1359  1184
1655  1817
268  1790
626  1012
1921  1968
521  970
1439  1539
885  1219
1956  251
1023  717
1330  1634
1113  1974
563  1660
1411  1461
1929  793
