5000
784  1371
12  292
1696  1211
1462  356
1498  53
374  199
1587  789
138  1524
1322  1491
949  1861
1141  1858
1994  1299
1294  1851
1561  640
1907  610
1086  1605
241  1624
260  580
1732  716
970  585
1381  1744
892  506
1820  382
36  467
1020  202
1562  456
407  1027
357  868
1411  1537
1360  1451
226  1803
1726  1582
1831  418
1847  1788
938  1341
1051  1203
1467  90
1000  1917
1914  1056
814  363
180  1076
899  830
783  1935
1675  1471
1000  1346
1124  1494
726  445
799  1543
757  431
557  1144
956  785
1659  1552
338  1582
508  1143
1153  1806
1003  1957
1359  620
734  1513
656  1125
1683  1175
90  1163
173  262
1729  1929
303  1607
256  765
1807  1682
1433  1554
379  1587
826  1222
268  820
741  1234
1167  1412
1735  258
1369  13
1198  1443
238  1843
1102  99
1931  1631
233  1112
821  595
1938  1182
250  1212
338  815
1359  1335
1275  819
1128  809
956  95
1580  959
295  828
253  1170
1286  1880
299  546
75  1561
1119  1199
966  1764
309  100
466  354
1934  1996
108  419
834  1487
1085  640
1355  1753
965  345
829  1785
1406  238
133  1890
1811  1502
978  564
736  1021
951  1637
1562  522
1124  654
1685  730
1812  697
98  185
699  1774
1628  996
884  1671
1503  1476
668  1601
1239  1685
1389  317
365  1486
1689  1653
1207  1926
1851  1733
880  365
644  667
173  1437
1308  1269
642  51
1725  413
213  1412
1533  616
722  149
70  1196
1172  526
1897  1970
282  1678
914  799
1654  349
1306  743
924  542
1137  106
1  1927
326  541
831  1412
982  38
1489  374
1392  1356
179  76
1641  317
1894  1043
1767  690
358  657
1578  1147
356  1856
752  751
166  501
1337  1940
1911  1793
1977  1909
895  460
1156  1520
1612  1137
1649  1133
949  895
1070  262
314  1635
1673  821
1960  273
1255  1800
803  280
80  193
478  774
891  1615
1608  1351
717  1988
1125  406
816  1649
1513  1978
153  1213
1429  23
899  1086
703  1600
1302  429
1590  685
1570  895
1496  1200
982  1641
1429  721
1139  542
78  579
784  383
1864  705
1607  1268
993  63
60  1274
1033  1822
1696  1523
998  373
99  374
844  196
614  837
1225  287
1600  1873
706  1155
1038  985
914  1623
1877  1562
1176  477
1004  60
234  360
1563  1746
858  763
323  1592
1709  1329
266  675
1802  1349
920  1516
1089  366
215  1047
1941  284
1363  1435
1233  526
1722  215
331  685
185  1481
1457  504
678  1156
1605  560
98  944
1945  1889
1930  1511
1387  405
605  300
1332  1754
1184  1342
1530  784
1129  1939
1196  541
1226  109
1367  1978
440  733
1320  773
74  926
1004  1974
737  83
1950  515
71  1535
600  1657
1889  997
135  642
1248  1472
1208  1003
54  340
588  466
388  1007
1837  231
930  1288
1062  1134
1788  1560
141  333
54  1935
1088  1514
1529  580
338  1930
188  1154
1759  1782
118  1966
1813  817
465  71
1105  1010
1585  18
1572  541
398  645
1253  303
389  315
28  975
304  1615
1739  1603
289  1744
1263  1511
1879  1362
1068  1802
551  424
93  1004
1465  203
1973  568
859  724
1611  368
1592  1065
341  1963
6  1478
858  1538
1964  620
755  216
140  1959
1566  1476
1319  333
1761  910
499  1175
318  1138
1400  1562
1637  1749
793  1796
1597  940
713  1385
1903  858
1262  881
1956  1413
397  1364
220  126
167  1117
1618  1292
1391  1034
1831  1886
220  295
1428  1403
1241  190
953  773
988  677
544  203
1328  1873
408  489
1562  1086
378  695
1693  253
1252  1480
59  1703
28  125
1804  1289
1177  718
1245  1844
1580  433
190  1934
1782  311
668  1137
1045  26
105  204
878  422
985  1545
1684  874
1927  1381
686  1840
70  570
1622  654
1815  235
1105  802
1796  1534
76  482
1770  576
1916  71
1669  1615
1713  35
1455  820
129  1226
460  249
494  1213
461  824
145  586
1675  189
259  1882
1822  766
553  340
1496  295
672  1217
513  1776
543  760
241  345
1144  1725
1779  1636
1368  32
1007  1866
765  1159
13  1770
996  28
634  245
1764  310
1765  993
133  741
254  126
1758  240
1636  1342
57  1996
1087  1979
1700  872
427  521
1444  1005
549  1614
1570  1539
1951  1729
603  865
929  1778
1975  1417
1007  556
0  565
9  1523
1041  260
975  1484
1695  860
746  712
686  933
1700  1274
1467  326
858  636
256  1379
1933  1128
804  1002
1720  1816
1652  1802
1752  812
1652  1921
864  1238
263  503
839  408
695  344
591  1704
717  440
1248  1739
388  1305
255  1070
683  644
1020  1084
1961  43
480  899
399  1304
1163  309
81  53
858  625
1812  283
1635  613
1776  636
1413  1848
707  792
1813  520
1000  1767
165  235
1812  1473
1500  941
429  183
1213  578
688  812
1081  1951
803  184
10  1497
419  1706
1853  453
383  1213
314  605
1224  1610
1959  1495
1470  389
1795  850
1001  422
1752  1574
851  1094
375  1388
2  1758
1465  1360
247  163
593  795
1665  1398
851  1972
9  960
423  1313
1149  656
1959  1940
485  881
1707  639
1030  1224
1545  981
1879  944
666  529
1100  1329
182  1568
105  1077
700  43
918  1302
1432  1966
580  787
443  147
1692  1140
69  1912
893  1865
1062  161
1131  388
760  1317
233  234
98  945
1570  1072
1238  1174
1235  923
345  1811
1539  95
740  875
1069  1579
1178  1610
1606  872
795  1725
1071  788
1564  395
1777  326
177  1212
398  1617
1667  1945
286  1015
1766  327
819  1285
793  1902
1943  889
1437  1862
944  65
1012  774
1156  1187
1267  1376
1625  1785
725  978
985  221
1074  1631
1808  611
496  760
1228  395
1852  1045
1814  420
1568  78
1576  834
761  1088
1717  1676
921  1891
932  1297
267  64
1773  1604
804  1633
1007  629
1050  1050
174  342
330  868
246  975
765  1690
1487  1667
204  1979
407  749
1776  687
1612  1400
1091  1020
1118  1784
610  970
1756  1526
1926  171
239  1019
702  606
658  137
615  1301
1697  318
162  207
1290  1970
1118  1510
1255  749
1210  960
832  669
903  1079
1322  115
1259  1442
266  1446
1298  535
1517  1091
265  1435
482  99
1224  414
788  1734
555  1583
1432  658
485  659
26  1017
1459  1987
125  286
762  764
646  181
65  1388
615  1003
944  1959
664  915
1823  751
740  1273
231  191
690  188
761  1453
418  813
805  1310
1939  859
826  611
88  1636
1214  1685
1566  8
1157  1909
1951  1963
1263  75
958  611
1531  1122
1018  283
1253  1353
177  1474
1578  1373
1575  803
1352  712
1563  1465
1669  1222
1200  1865
1683  1295
1564  131
1363  981
1688  1490
1258  241
1781  939
1159  1020
1473  856
885  814
751  1084
1345  158
512  779
1245  508
1757  1141
1780  867
1840  1135
1506  1025
1179  285
1689  592
386  1415
1394  684
708  1410
357  596
1708  597
46  1677
1581  80
1591  1850
1509  1653
462  1547
611  478
1844  356
438  1914
55  1550
427  962
1414  1386
1509  1857
54  1013
736  1035
225  1390
1674  1151
466  884
492  1051
1925  818
897  1830
1683  739
1672  1501
456  240
1906  1105
1763  1514
120  1522
397  1655
1277  421
1856  1048
1715  535
1081  1665
38  1531
133  1685
1368  481
204  1093
1159  1900
619  877
1447  1493
1093  655
1770  1307
1014  337
1922  1860
1223  1977
1472  1206
1996  1182
1723  526
1488  755
956  174
296  763
489  1590
108  1248
1951  1074
527  1622
1744  1226
1176  918
884  695
1453  993
355  670
132  241
1636  405
1457  1085
1268  1054
1013  1149
1951  1033
464  874
1785  1427
1903  1279
1881  482
146  105
399  645
1606  368
1981  863
237  741
768  585
1779  1141
746  944
963  1751
338  734
1120  1458
1423  1724
404  1885
288  1675
1140  732
1078  1729
1298  256
1274  1194
1115  380
857  791
145  1016
818  1967
840  1948
877  1946
1889  715
598  907
1916  744
486  589
1159  848
953  1248
1684  792
1176  1347
988  1280
1363  1441
35  443
1522  787
635  1677
1432  824
863  208
1780  966
62  1386
694  147
305  113
590  418
110  610
103  798
124  1740
1676  885
604  1371
90  390
375  498
1188  171
174  584
471  118
1416  1397
1624  1159
729  722
902  498
493  258
750  1124
1590  1237
1768  208
1961  370
1929  364
811  1532
138  431
1999  1158
17  1696
1822  1131
136  368
1307  701
1951  1214
1683  276
157  831
221  1257
1236  493
63  343
1098  1091
1532  383
714  40
1307  250
1046  1003
622  1393
934  1641
1347  1317
1672  416
265  573
798  1808
430  1215
433  1473
1962  1297
1377  303
1916  1211
1894  101
646  616
1334  792
1309  759
456  1967
44  1962
410  1189
460  1080
990  963
253  1425
450  1831
1214  430
1396  929
627  788
1113  1797
1220  216
1093  1641
1030  1240
62  129
593  1624
673  793
880  1377
1650  1135
1295  407
1820  496
1660  757
1074  254
1400  1727
545  1163
94  1636
184  1793
127  395
25  972
188  1942
298  459
1500  666
117  431
693  1095
317  100
1338  324
1247  986
1552  42
554  138
1516  54
1867  531
713  14
1218  1570
164  545
1277  644
44  554
668  1586
245  1166
1728  567
340  975
277  418
619  1576
92  578
1136  828
432  1192
584  345
564  1228
662  58
1923  1348
374  426
1363  1501
294  1848
275  1248
907  937
1768  156
1304  827
1491  754
1878  1349
112  729
245  1062
835  1213
1879  953
737  927
1029  1133
797  969
1669  358
81  498
640  10
1870  1594
607  204
1611  1769
1591  465
582  1168
1413  1825
360  242
496  1784
1015  1270
1995  1353
816  1060
1403  427
556  399
38  1578
579  22
1430  1074
944  1907
1043  756
1973  1325
1612  1546
592  287
1263  880
192  1978
616  748
1845  684
1806  20
413  154
587  1817
513  1764
1386  282
1392  1904
1459  300
1187  308
806  1317
530  1022
1197  212
576  1761
1428  113
9  211
618  500
1861  1041
1566  1599
1745  1808
1918  1592
1084  468
733  1451
75  1414
1476  1785
1194  1943
1823  331
616  188
411  210
1546  1191
953  1507
1567  445
1840  579
742  361
982  1337
1424  1744
1030  1792
687  1921
1449  1107
1522  692
336  1105
582  1987
1279  123
378  554
1577  467
1570  1723
70  1769
277  1647
1014  1957
1539  1167
1492  975
152  1054
1066  1699
1463  1707
870  1228
981  351
1605  276
1039  193
1364  1259
1399  1186
1706  1126
1724  751
338  272
43  1000
1792  1463
799  87
192  844
17  1237
1867  869
1050  396
961  1430
1128  1078
1981  962
1405  586
1893  719
397  1803
696  232
1893  27
838  890
189  17
478  818
641  1740
1078  1390
155  588
1708  676
166  4
1928  806
375  79
233  1196
1529  1500
1923  723
236  1153
89  267
1056  258
1776  1106
1986  936
905  1913
1416  1951
1476  117
1637  99
1393  146
1458  768
292  1617
1123  1968
1392  1580
675  1951
1968  1185
1378  1437
1193  1914
643  1355
1545  1255
1033  997
1760  1640
449  1653
344  337
1557  457
1889  504
1657  1009
185  1474
1771  1514
387  970
1677  1636
241  1723
1467  473
704  992
367  849
565  1041
1851  1231
370  1368
782  1186
572  1389
1549  713
48  1809
1469  1269
910  223
917  884
1060  484
9  672
295  1514
1354  1610
107  1647
103  1638
1484  1053
1123  1861
1559  1486
371  1302
413  702
1217  636
1304  502
313  1758
1186  537
527  1971
382  303
1107  214
160  790
919  1264
993  1723
1978  1037
846  1821
1635  1500
1441  919
569  1479
479  965
1013  1623
1228  1367
1757  1375
1568  1882
448  72
224  1087
614  1963
1985  1342
821  409
1404  450
1215  356
939  1134
1396  368
988  210
333  964
1332  169
1519  857
117  87
1469  1183
1048  1217
622  607
1719  1222
218  1066
1640  1980
1942  886
234  640
542  875
724  317
1903  509
181  27
1875  346
139  1294
1156  911
490  1012
1904  186
476  270
862  1058
1009  59
23  419
645  738
1353  715
209  1715
714  20
1406  380
1725  181
345  1725
869  1762
783  61
379  404
8  563
713  765
926  309
391  1361
837  553
1698  1952
472  213
1186  1732
942  439
128  1824
271  188
210  294
110  1448
1158  869
1690  1637
821  958
1538  1621
1940  1855
1562  244
1301  1438
1049  840
98  1867
1259  580
726  127
101  1306
1235  1300
1420  1765
1573  816
1745  377
1234  91
1188  1376
1321  71
73  1767
1376  828
663  1371
710  884
1041  1729
1614  1167
1645  852
226  846
772  822
1897  1452
1105  1559
561  1633
10  227
1572  1680
522  507
710  1760
1700  309
1370  1531
1736  289
1511  1286
847  1812
879  1068
1487  221
1036  1330
26  1996
1989  1103
642  1113
324  1691
901  1246
1735  1674
1442  1225
1125  1510
1288  85
1959  152
1830  832
1378  605
281  1370
1189  1508
1446  595
1823  358
833  1177
179  340
73  1578
1316  68
924  1172
1833  49
1843  1528
1942  340
1337  1878
893  468
1962  62
375  555
1003  1642
69  63
856  466
346  1892
1425  1373
412  968
227  527
557  1566
353  993
1093  1911
373  1987
1783  1820
1838  688
1697  1060
1064  1347
1021  1213
1621  1445
525  1994
1689  1628
1838  851
691  785
348  311
279  862
751  531
1481  541
714  1482
289  296
136  484
1693  143
726  1058
929  1613
421  1410
1485  1461
6  574
267  1960
151  1406
972  1126
916  1215
76  465
1132  753
1987  1309
925  1175
1025  1098
274  1840
163  1232
1745  1714
1579  814
565  662
1333  1882
1942  1441
266  1568
1735  1621
1624  471
521  791
1652  1118
1002  331
906  1043
1748  537
1872  202
1231  1074
1440  919
786  355
641  147
984  1952
1295  746
1325  1801
701  1671
338  1331
353  1733
1629  1227
1118  679
319  294
1979  343
803  1896
1526  228
1307  628
757  1556
905  845
825  0
1309  823
502  1090
401  537
571  1754
489  1630
1328  1314
268  1850
1377  735
707  897
937  426
1119  962
908  1407
1695  1854
680  1058
1398  946
1056  784
431  1962
309  1717
831  966
133  1422
1409  1909
46  594
1575  1126
1143  854
665  1121
1754  923
1797  120
1113  989
695  1077
1563  1870
1532  1899
282  1803
1518  387
433  577
246  1084
1906  1597
1920  1052
604  491
458  1252
1914  597
1512  86
433  1562
701  227
388  238
358  1005
264  1388
1439  732
1400  1370
874  1227
1157  1610
1736  379
1932  1203
1285  665
1520  763
958  1986
786  1172
1795  768
865  1421
1359  73
992  510
215  1934
1118  981
1913  1884
222  1888
598  1803
1567  315
1477  807
1430  1325
1235  385
1042  961
1326  1784
1071  257
1463  1110
1926  1688
1582  998
57  1083
1923  5
897  18
339  1683
1846  628
186  242
381  802
1656  279
640  680
22  710
899  1448
799  524
116  1620
465  406
340  179
972  39
1934  1643
883  1589
1935  1894
944  1307
54  912
381  1593
1548  1980
680  602
878  501
391  968
1425  174
1306  1265
731  1434
351  830
1209  330
1083  1760
244  1444
57  1730
967  1865
159  749
1878  1456
583  788
1715  1369
429  1453
704  1801
469  1709
129  1586
1666  1235
1583  1525
601  839
527  886
383  995
1324  393
1565  473
1353  1501
213  560
662  890
1054  513
650  163
1088  1799
1666  838
1799  405
1211  14
1712  443
337  222
499  1692
1713  1671
1709  1381
534  1659
414  508
1191  587
1083  883
976  1707
363  1228
1315  939
1027  546
383  423
1273  1536
1053  1846
492  408
1586  1991
323  1151
992  111
1634  1100
851  1254
865  638
1553  1654
1275  897
931  1915
1284  1676
1746  874
1333  953
790  1900
516  481
1750  1999
1148  202
516  1582
1522  23
1789  1178
1199  566
1042  1695
1963  82
1860  1470
1330  259
1004  0
1784  1993
645  1262
1252  1439
655  1855
850  517
1802  550
50  1708
1125  1168
1958  153
907  378
58  709
23  1416
1299  1956
420  1276
1036  1703
868  1133
1648  1648
731  1707
906  1917
364  1128
28  197
584  1390
177  454
386  509
1697  1696
460  1292
1949  878
1750  1384
1314  1247
1201  486
434  1202
1406  1782
1827  1776
1262  1452
535  862
977  1880
530  1601
104  488
486  1682
654  1158
1999  261
62  253
1063  1027
299  1196
524  948
1813  1343
452  1814
1368  1055
956  429
1875  386
802  89
27  1155
303  938
959  400
138  1637
774  1894
1534  389
1389  1043
1150  852
35  1885
942  434
1365  848
1371  1853
1017  1108
1246  924
782  900
1566  616
1451  485
775  230
61  166
841  880
1306  1049
1630  1468
1702  789
1828  1782
977  31
837  1820
1014  1490
105  1911
1656  256
1011  1743
1530  591
161  822
1329  504
1967  366
258  1042
55  1494
744  247
422  1290
1391  1084
1479  1121
62  1717
823  182
851  11
1733  1084
173  632
1037  1626
892  287
504  929
708  353
490  672
1607  1816
1969  1178
739  708
834  725
1429  1086
588  1805
1812  1125
1038  430
627  1443
1300  1597
1395  1455
123  1928
45  647
1308  1102
696  1044
1143  806
113  1424
857  401
570  429
39  1155
995  1969
1212  1982
666  1547
1548  1620
734  614
453  72
327  1683
904  636
1065  1440
1976  350
558  1403
290  764
1510  1807
62  1597
1360  1140
1983  1738
1108  700
1183  1452
109  853
243  1713
1492  1948
501  184
1235  202
1726  294
1869  1134
802  1701
819  579
622  950
1949  702
1276  770
1448  393
655  1916
1276  1954
871  1999
554  1276
798  618
1659  329
1326  535
972  27
680  500
688  1531
986  1878
245  642
1912  1452
1070  332
1064  1922
1831  1190
1797  1363
1630  427
515  96
1046  1624
63  925
1145  1384
979  1249
708  259
582  378
1969  1839
776  1566
303  347
531  1736
1959  242
619  941
157  1323
1557  1649
1314  1745
296  1371
1742  1310
64  791
858  1376
1403  1120
1899  1902
1402  365
1413  1211
1143  1643
165  853
481  494
434  1269
852  858
1014  1951
554  1466
1649  1153
1412  1789
1525  592
1964  174
647  1452
1419  1436
1745  1187
1793  1596
1876  47
271  1100
1469  853
896  145
885  240
1374  1688
1207  1254
1364  407
472  1577
976  1022
1802  46
796  921
1521  495
1192  397
1754  1055
1277  1071
391  1545
1767  1545
957  810
1738  1025
405  1766
1181  26
427  1245
2000  888
1793  1437
1136  1550
487  1694
298  1734
399  1800
1820  447
1963  1335
16  1626
1934  639
1737  844
426  1182
2  1531
536  1134
702  463
567  1503
117  173
484  709
641  517
1219  1728
805  1915
637  1175
468  1268
81  671
1822  743
289  1030
1819  1033
651  1496
302  1461
181  546
1544  1122
1143  214
1851  812
367  589
910  842
1437  1915
720  1086
1302  582
1262  1694
194  763
1734  1185
906  1178
873  263
1815  272
294  1584
11  1910
1429  1194
1101  663
155  470
1393  1988
1488  1810
865  353
1692  522
11  681
793  1154
1188  1268
1269  49
20  770
1760  1118
1092  182
994  972
218  1430
934  351
1740  953
1557  368
971  37
1710  466
1672  1222
1560  1447
1782  567
1192  272
1080  1506
1724  1537
351  1819
1213  1972
1990  439
1110  970
1008  595
736  1537
418  572
1830  1665
1679  1879
1122  1290
1712  1963
4  86
157  452
826  990
1945  1093
1831  798
1314  1554
27  1908
823  1487
157  715
1585  1497
837  1223
1852  653
1083  861
1014  1054
166  1243
560  1993
220  1723
1257  20
1273  1635
976  1567
1668  774
1806  24
733  654
1320  641
1034  1505
243  1512
522  1074
873  1480
1562  1545
832  835
968  663
690  1305
579  228
180  230
810  740
63  1211
595  1386
1354  1139
771  546
770  1683
287  1144
975  955
966  141
165  549
1626  1238
896  2
1025  1813
534  647
1514  1350
478  1744
1033  1614
1497  1207
641  1442
933  1200
844  293
1123  688
1360  708
747  1152
1119  162
1721  405
1263  1359
1860  693
88  1359
486  1954
594  1610
1257  1103
825  923
1663  1817
288  1117
1628  1985
427  1886
52  1632
144  161
1749  1992
1792  1563
640  728
1532  1749
1924  26
193  976
400  1785
1556  1339
778  1495
1792  54
1939  607
251  1441
300  748
265  1173
409  1144
1080  1920
1549  1252
1486  1193
717  1017
395  789
704  871
436  571
97  247
1938  1015
1582  108
152  457
1059  753
671  1201
1371  1815
928  1898
896  1815
1691  919
657  1400
1477  1679
1354  764
229  1018
1513  1939
1750  1431
557  305
1168  848
1340  964
1881  1655
858  870
568  896
57  276
1297  261
1023  1499
1990  1322
1317  1568
1594  1511
559  1269
66  43
1041  924
785  1879
12  1033
479  118
1522  318
806  1109
1350  1900
1252  958
516  988
206  802
1776  197
1312  573
276  1107
1927  1403
1195  1199
265  1562
248  546
1897  1053
1699  1455
217  125
1059  1423
1367  853
690  546
1328  1728
1780  195
920  305
592  109
1049  1963
1493  678
1311  711
1534  1562
371  879
759  869
604  1161
1175  1992
858  44
1579  697
470  1979
322  1075
1578  985
784  816
1777  984
1825  1622
1972  507
1137  1843
1513  1861
1779  1078
526  973
227  680
1702  1172
1204  1194
1618  1231
1848  237
1461  1953
1681  1116
597  1621
1839  323
1163  8
1374  1623
662  1935
813  141
776  632
770  89
644  640
134  1611
1368  1695
1841  680
1712  1808
969  1097
1036  1115
1410  1289
1138  341
483  1040
1604  758
664  1241
1297  1020
572  1349
168  786
909  1467
976  673
218  1614
388  771
916  835
680  884
769  1666
646  475
339  1634
49  943
1343  906
1250  1119
1500  152
209  1459
1812  1387
735  1614
1352  1157
1523  826
871  131
1937  1536
829  1436
39  1670
1763  1531
1660  1661
470  305
1109  1841
116  386
662  656
1078  1637
404  898
400  1551
203  1668
1216  1216
1152  1095
1341  1527
991  1390
20  1072
760  680
1842  1377
1967  1744
1125  1768
735  646
1836  499
445  1244
894  1129
1215  1942
1032  1418
1448  956
1583  1526
1460  1414
399  1061
282  939
193  1244
1912  1459
1015  1833
655  533
537  943
636  286
749  391
611  1045
802  580
1671  1013
1121  1425
482  637
940  498
1206  1535
371  1083
470  1023
308  198
1520  1723
121  1687
1534  1630
41  359
1458  1216
215  683
1184  1640
1087  425
113  335
773  498
759  1014
42  329
816  871
1037  653
1879  1143
1850  1093
540  654
1564  1788
1841  217
1198  924
801  1626
379  137
1937  1921
1783  1521
1976  88
1883  580
1242  406
1515  953
1513  1410
1058  1503
1769  1965
1745  267
716  1693
1234  757
404  1507
492  670
665  807
845  1573
1131  999
1586  178
1967  1041
184  1354
359  1266
598  1781
606  1575
1553  248
216  1221
1698  1466
342  1650
678  507
694  1784
1943  1045
1972  238
1073  824
1978  978
1718  538
989  1958
532  1559
1919  1296
1235  1919
675  1054
271  1327
1752  1032
821  1534
229  1284
804  627
1278  1992
1707  1592
559  1548
1802  736
328  1063
463  282
40  182
278  1692
959  1490
1527  227
297  1359
1981  957
224  1543
1956  1060
1464  16
85  416
168  537
520  1578
8  1398
1368  1770
48  563
252  922
330  1947
1778  1297
738  1517
795  513
1507  518
857  1229
916  313
1694  1046
1468  1687
1693  1992
1969  741
978  328
797  1539
1985  1493
66  657
331  146
893  1574
1816  959
1003  1756
1738  737
741  1886
821  22
74  1463
1903  430
1195  403
290  1035
569  62
965  1674
731  456
374  1845
365  299
233  1334
320  1660
1336  654
1277  1642
472  779
13  599
1705  630
1053  400
1082  1686
1876  485
1879  1449
319  300
1311  815
70  1234
1310  866
12  1155
272  799
446  49
1317  827
70  1960
208  1301
687  252
844  393
1246  599
932  408
1672  20
972  902
834  470
880  895
910  913
1726  1502
213  1571
512  260
138  751
1663  870
326  1886
1705  1568
964  1958
930  1687
1165  1473
1438  288
905  1464
1305  393
128  366
1336  77
1864  1926
1862  853
679  1556
1640  1515
310  1426
1944  1514
1937  1314
197  679
1913  69
177  1779
1392  459
1375  94
1121  751
1701  756
850  353
1179  1989
931  480
919  1846
1914  262
1884  1095
603  71
840  662
488  368
1884  1020
345  499
407  1252
424  905
102  271
177  461
290  1014
1918  1525
77  25
737  1419
698  1031
1997  806
185  1922
1826  1699
982  1345
1818  1221
618  1642
1843  842
1656  1624
384  1982
286  929
1390  213
1765  1475
1436  410
502  852
1530  1434
1978  1421
1746  1906
1509  1794
1539  1652
771  98
95  472
1404  233
769  724
118  1847
1448  1712
427  545
1348  1892
129  845
58  1149
842  408
1622  1536
1099  1698
1507  327
1825  1171
1602  1247
630  315
1110  925
410  1611
1109  1625
719  890
230  985
432  1446
1840  1726
480  1477
34  1916
373  641
942  791
278  1496
1660  845
1614  765
343  1213
183  600
46  762
1923  235
1612  555
198  633
1404  1144
1685  1622
1334  702
1056  1011
1531  1668
1043  1782
492  1118
883  1237
1147  1073
1477  303
1825  356
735  906
1813  1398
689  177
1026  351
107  368
1645  459
1048  1876
1847  828
1329  609
905  836
1720  1483
1765  1183
850  111
1313  1036
864  85
35  99
1448  1657
782  377
590  750
1284  1382
1157  18
1717  24
1122  726
1571  1554
1779  1027
1095  481
950  1792
1263  1114
22  871
262  1217
1642  201
595  1943
1481  713
147  776
872  1940
1483  1856
870  1960
1457  1423
625  785
198  346
1923  848
779  802
1947  1604
1689  249
847  1875
1543  1944
55  901
270  200
1922  527
1497  689
1601  511
1374  541
474  1733
1149  781
1715  1446
1318  810
43  219
836  644
250  1540
1770  1479
1945  1951
1404  586
1929  249
63  887
1258  1240
75  5
616  1130
500  561
1104  830
1124  705
63  1403
941  1082
172  261
679  1559
832  1911
391  1629
1051  1248
65  1294
548  1825
225  1511
639  694
515  1999
1140  1329
678  196
368  139
1732  1088
361  140
113  1273
1069  204
67  1644
216  1452
587  1096
781  1753
1599  1347
34  1178
1590  1940
1016  805
1829  1967
141  1975
1652  1928
829  1854
1842  117
1721  303
259  459
19  1440
1714  513
398  1222
125  149
1088  1519
79  1209
833  1527
155  233
449  264
916  799
910  487
555  94
890  75
1906  790
1875  445
1529  234
816  1252
1840  349
1970  715
1906  558
281  1923
1207  1908
507  1756
197  338
1165  1672
1681  1322
1078  858
813  303
1578  1933
897  1499
547  273
743  664
1301  837
1316  733
1502  832
518  801
1539  1757
1374  13
1193  1741
563  646
1002  1493
640  137
1195  330
1476  1401
1515  1254
1987  1429
1288  856
586  886
581  1010
1522  115
1971  1050
1864  1169
1981  1574
1360  1395
1006  1416
1498  345
1986  541
951  346
1202  1
878  11
11  1680
655  231
1360  212
1063  921
157  1890
1758  1119
446  191
1879  1980
383  1058
1366  1271
1883  1813
1728  119
483  77
925  550
1577  1898
1662  268
995  702
1459  1736
1981  1200
1088  10
910  135
33  156
411  231
1392  535
275  1467
956  711
278  748
1273  1962
153  463
867  1013
789  1519
296  1506
1794  1694
1928  235
1329  934
1497  1422
62  1265
380  738
806  1515
350  1143
1991  199
629  1255
1728  1145
248  409
1266  987
415  319
1204  1849
269  1614
1810  1796
1727  647
1524  342
1443  239
1256  534
854  1735
1276  1719
312  1717
1476  820
799  283
39  1487
774  171
331  1885
1740  1104
771  1133
1909  1011
1057  1505
753  467
226  1027
595  377
1151  1981
1005  545
1670  1628
596  1551
933  145
175  1294
926  519
1148  148
275  116
1778  935
4  408
1437  1279
710  1396
106  763
803  1465
950  469
1289  1857
1662  1656
1413  1297
1919  892
1396  1782
325  263
362  1857
206  612
821  1397
117  1467
691  1612
957  882
733  1085
288  398
655  1818
1172  1101
759  1461
1744  1908
707  1215
420  1414
238  1155
1218  1036
169  877
884  970
1872  595
260  480
1815  801
841  58
539  910
1155  1653
1680  1512
1227  867
1207  1129
875  915
1571  1830
1688  1750
1206  1069
543  711
1855  1894
991  452
1531  878
654  742
53  57
1019  1117
907  607
1357  1166
824  1904
1708  484
41  820
273  674
565  1328
100  134
1538  835
1615  1057
1983  1978
711  302
281  1555
342  1736
868  769
170  354
195  996
1163  570
941  1203
1583  1683
922  87
1197  601
1659  777
166  222
1922  1116
1557  1049
255  78
372  1664
1414  79
334  162
115  546
538  519
997  273
759  1182
1646  69
889  646
1732  1908
460  349
1136  1070
1358  1544
303  514
1440  1272
314  1990
1170  805
820  452
1606  1779
1995  1627
739  1055
730  1502
1942  1759
1762  485
1204  1317
705  1641
1852  1253
1765  1316
1608  1937
1357  651
341  1734
1794  1304
1414  801
1235  1681
1589  987
1878  240
837  20
1914  1018
828  1299
1498  329
449  795
69  1601
391  489
430  803
1437  1778
1990  1491
41  486
1491  1647
479  758
579  744
1209  1023
1728  756
937  1600
958  1963
130  702
1443  634
1638  1208
1058  1385
119  739
338  565
1455  448
306  381
1918  94
1365  956
634  570
1436  898
1840  782
975  1382
320  1194
1852  1796
1817  754
1161  871
932  1227
1531  1310
1754  253
1128  1715
807  1108
338  603
1612  1290
636  913
1307  1386
1825  1455
1244  597
179  422
114  1574
1010  233
928  824
1731  1261
1546  1574
730  285
1245  419
482  1623
816  100
1109  1191
830  1559
821  1661
78  477
553  299
1763  1577
130  204
1718  189
1369  1002
1796  745
1572  1247
512  1579
1269  332
1060  1738
1870  1321
1007  1936
1931  1292
954  1120
210  174
1721  1301
1290  1927
405  540
481  537
1855  1829
1719  1078
190  1878
586  213
1939  575
1401  1076
1254  1757
375  1370
141  682
802  633
1791  1001
1153  1801
542  736
1794  713
1637  1461
386  1251
331  1394
1411  785
1092  1801
680  158
1139  143
1217  1625
476  498
287  948
1255  278
1736  557
1248  804
377  1588
1239  1691
1890  234
784  1064
1091  952
674  1438
1523  1132
425  462
1700  1353
361  1054
234  932
1879  1832
911  381
1607  668
1430  1718
1928  668
271  757
1428  128
1942  1252
932  1071
1703  272
1934  1549
782  1065
1430  342
440  1205
1695  1023
548  1134
1282  678
842  517
1016  690
201  1332
202  1351
367  1449
64  481
1061  1596
1152  1388
1679  1960
28  1903
1886  415
1735  1419
987  1652
191  1113
988  1606
561  1779
1386  545
1355  647
282  610
792  1990
130  1354
374  1732
630  55
1473  1144
1164  1060
541  1386
538  916
1309  1010
1276  244
174  30
1962  558
270  1104
1895  1998
1711  433
1510  1424
1393  320
1138  1528
196  526
191  1513
730  43
25  1640
1811  1018
743  478
1632  397
264  823
1019  1224
134  13
1245  1320
1250  1494
1238  1994
206  1936
293  1179
1558  795
1662  1830
507  1052
778  1254
1364  968
481  1515
1233  672
665  1737
611  793
1210  260
537  1269
304  1723
1946  1849
419  1713
1197  1123
647  1865
42  1581
1819  826
971  1289
104  1776
1386  144
546  249
683  1462
1888  1445
543  1790
154  92
1573  1971
1358  815
515  1765
1700  422
548  308
1531  451
1262  1855
1965  140
1853  1728
926  1088
1901  1918
331  1031
316  17
1932  920
1939  1686
837  938
909  1655
990  1235
376  216
1740  281
718  221
1253  1294
1074  1628
1117  829
822  628
1383  919
869  1684
1568  1220
404  269
172  1684
721  1514
696  1401
655  1566
1804  1014
713  844
184  1886
1859  1194
218  1768
209  1300
769  1607
1488  993
605  292
773  1249
732  1339
901  1255
292  1561
1830  1814
696  1950
1110  824
1559  620
602  1439
476  634
903  1128
1605  1636
1625  402
204  929
983  1538
1481  1471
1713  1400
764  14
1606  1069
826  308
410  763
1933  1948
1295  301
1621  1108
858  552
466  1402
402  165
558  683
430  1192
1903  205
1763  1356
1056  68
523  204
797  355
1669  158
43  893
811  498
583  377
46  395
569  1134
180  1300
883  159
193  296
187  1553
1246  1267
1132  1476
8  357
516  1017
1289  889
275  1104
1468  122
988  160
1662  100
353  1357
1997  200
1818  214
1368  807
1001  1846
1621  1062
646  1085
34  1918
1627  1488
141  1266
296  862
1858  915
1183  117
503  756
452  1383
146  532
1747  76
1909  1793
1816  877
321  167
1519  802
1051  1509
1993  203
1134  1242
33  1663
1357  1174
1369  1886
806  539
1406  801
99  773
1350  1487
1985  1333
691  1615
188  139
831  688
1860  762
53  212
229  1619
1078  252
1795  72
398  1123
1984  1517
590  806
190  651
687  263
1047  930
1382  1609
111  1916
1406  717
1660  379
308  1924
1715  1576
1687  564
358  490
723  905
957  1005
568  455
382  326
1685  264
109  733
1575  1204
879  880
447  1251
98  1246
738  1789
520  1297
1137  439
640  1684
169  637
1221  538
546  1042
1989  1758
1865  1394
213  1618
897  616
659  359
1008  1827
1533  1064
1224  7
944  811
95  1093
1922  814
39  1752
1040  395
635  1185
930  81
1149  627
55  792
1980  1068
460  1289
240  295
1671  570
51  233
1160  1558
1539  677
1183  275
694  993
1368  1576
839  1004
1116  1058
1044  966
838  906
921  1093
1566  1206
541  271
406  870
1366  761
1380  1006
1061  1227
1259  259
1204  1892
411  776
348  1321
1684  97
1837  1567
1332  783
650  799
1455  926
1496  13
1328  535
389  286
920  403
709  760
1987  602
1543  1633
1498  1800
1457  537
1451  664
1009  1338
1995  228
179  339
794  628
1121  310
783  104
1605  185
1169  372
1947  601
14  399
581  174
1267  309
1026  1435
1629  783
898  1430
1621  28
120  180
731  542
621  247
609  1628
1758  1496
1617  1178
710  1181
1787  1718
423  843
1271  628
576  344
56  1657
562  1349
279  1880
1166  637
1109  874
1974  829
1609  1487
1209  272
136  1629
1657  633
470  1338
409  306
1862  1036
503  350
92  1206
1463  921
1640  121
414  798
1829  84
202  352
736  1848
1397  584
1959  737
480  1046
1666  956
58  713
723  1929
1603  438
1442  515
1385  916
1589  1468
675  26
102  1530
1784  1838
1377  1760
471  395
1688  1508
1579  438
1313  343
1348  621
297  61
898  976
451  1097
472  1831
1097  1254
826  1125
1487  627
859  661
556  1210
1566  453
1193  693
725  1375
1748  762
1765  1982
1204  888
1157  1592
1594  965
296  437
309  1624
1279  720
1038  1466
561  572
1940  1899
854  1827
849  1857
982  1765
1354  47
491  1888
1954  1937
1100  1692
1441  896
372  535
132  1020
1953  1685
1506  1915
1964  932
1571  1936
340  1280
628  1072
1835  989
77  1189
1695  693
868  1337
732  381
247  782
125  788
1339  1719
1679  1604
725  107
459  32
1587  644
557  174
1860  267
275  898
1215  33
1888  55
1215  493
481  462
137  183
1517  745
765  129
168  1168
1139  145
1370  1688
1732  1669
805  1681
1969  757
421  399
1231  1965
263  1847
1533  1357
1685  289
115  1937
493  434
246  991
1782  240
1269  822
236  945
78  1580
222  56
377  870
1501  1684
156  805
103  1913
267  811
1044  546
1470  464
1801  112
480  1613
1781  1260
1100  1550
1855  500
1154  1494
1593  1640
403  882
1910  477
1953  304
1317  101
564  1814
823  741
1372  1907
1981  1028
576  512
1571  1073
1669  92
456  17
199  1829
1903  448
978  38
1256  80
509  1344
1741  1361
1345  418
697  588
1184  440
1597  856
1966  1556
778  528
1351  1337
1931  828
1931  863
955  686
740  2000
1937  1909
772  1222
1116  1101
1325  5
1453  609
878  1761
889  1913
341  1202
829  283
257  1238
634  560
758  1836
1834  320
130  1124
1897  133
1507  829
1740  569
727  712
1447  1662
1491  1069
1242  16
1092  651
1994  1464
255  34
751  1222
1629  669
1873  131
1804  39
1384  1249
1815  1441
1347  667
1039  245
1245  1395
491  817
22  998
371  1200
1668  158
1640  1171
1669  573
116  1894
1331  568
914  209
232  1275
611  165
1379  43
172  356
1609  390
371  1721
1819  1566
701  1196
4  1908
1905  510
1209  1846
1521  863
453  21
1553  1522
220  1261
60  645
532  1683
251  1817
937  1150
1751  763
213  988
2  556
968  63
210  1894
120  782
1463  576
667  1999
1829  219
1584  15
80  1900
1503  1483
722  1520
131  1143
115  1693
1970  561
117  1905
149  363
1605  365
1319  627
157  1973
1550  1625
1310  1788
930  22
802  805
1557  1032
1889  1046
461  1447
1402  1873
515  150
1534  1646
1198  1396
1503  11
1899  306
746  502
1967  83
597  1938
1542  139
27  65
963  199
981  272
800  1635
71  1546
1883  38
1853  82
1485  656
516  1375
912  1357
922  801
110  1833
1529  1902
760  846
974  1229
378  821
1161  1215
62  1999
1181  1268
1718  873
725  1482
1924  1586
1018  656
239  1289
497  1985
1913  1495
519  1309
103  460
56  539
1437  1599
1737  854
1559  778
1881  414
1638  1583
1743  1364
1402  570
673  854
1941  889
1364  1816
1530  1222
739  1895
148  83
728  1702
1192  1118
151  1956
1802  786
191  755
913  474
1188  1983
1735  1953
1013  453
1436  3
66  1666
296  263
1009  670
1118  216
616  455
948  397
1450  168
1080  1725
197  262
394  1339
1836  85
1299  1126
809  519
1942  805
1644  1810
1088  195
1558  372
1048  863
1987  4
1080  1318
1161  1998
508  215
1771  1643
1515  649
477  1670
1548  1806
84  148
1530  29
519  1329
494  872
1376  510
644  164
1369  1393
1974  1204
958  35
1832  1043
1416  1629
530  258
303  135
703  588
447  357
803  1318
101  1738
469  400
319  1209
933  752
443  1243
899  1418
131  769
1735  514
794  274
589  1471
1064  1758
1746  1614
1687  1460
1368  1582
1905  1906
581  1546
109  126
1493  1389
1066  417
1669  1778
1570  742
1089  1379
1190  526
1981  649
143  1741
1486  457
1923  1100
1182  1236
971  438
1451  1867
975  743
780  71
1424  1598
1332  1787
1516  524
1221  778
1357  116
1398  618
1262  146
721  213
1047  911
718  1233
1102  1603
17  1728
1396  1449
1819  698
1174  782
1261  15
999  179
826  590
685  41
411  98
1949  346
1070  1303
1151  1564
1284  942
902  673
637  1954
724  1446
286  444
248  308
1992  1440
27  698
73  5
170  1173
1724  1671
853  572
1934  509
492  440
1347  7
1175  1621
634  702
94  1473
1841  1874
165  152
323  195
1772  1677
542  1938
43  1965
814  1325
454  1221
272  1020
1439  921
966  1789
1022  1914
796  1411
1669  404
1398  386
1858  1608
82  1876
166  1851
982  1079
1609  1959
1690  590
1035  1518
299  596
783  1005
1978  944
1247  1598
522  1752
841  1550
133  224
43  26
1656  915
573  1446
626  1018
1536  655
1621  1449
1570  739
457  1780
233  1137
1002  937
1679  1688
1075  1381
750  1872
394  220
1160  1858
1123  1430
1816  1070
1975  1188
992  879
1884  1873
369  620
250  136
1320  1170
1206  762
1158  1977
433  1479
712  1451
1257  311
1011  1720
584  309
1449  1772
207  1167
723  1745
771  604
255  18
1712  864
927  816
1852  1824
234  913
1325  1939
1599  1451
1395  588
161  1048
92  1354
817  1069
1912  347
80  535
13  934
671  1854
1633  107
855  653
637  1229
711  1275
1968  1207
817  1951
1658  1392
111  870
1315  1806
475  1017
1137  1840
1913  1050
179  779
1380  227
373  355
1769  992
186  747
601  1485
1499  501
401  253
1337  609
329  404
1477  1990
1538  1453
1394  498
1927  1566
356  682
1201  248
500  1562
1624  1931
1525  35
343  760
1278  1803
1583  1532
911  136
544  1947
67  1291
1809  1691
768  1823
292  389
924  1677
1365  1819
207  809
172  1228
1728  433
1219  832
1821  1347
236  1844
483  252
1320  1506
937  971
1890  653
1877  1541
942  831
783  88
1597  751
1843  1106
1073  1334
1602  1851
897  774
1386  763
774  1108
919  1969
1253  1486
994  54
1421  1280
618  1983
874  705
658  1173
251  1524
1994  1396
1862  1791
9  513
210  1406
1599  245
1368  951
1307  145
893  1948
61  38
136  1290
242  112
1116  1399
1459  665
185  1102
1047  866
1200  848
1970  885
1629  1028
801  469
1169  86
1683  1603
1367  55
625  1749
487  1608
611  269
943  1257
1114  478
322  1641
1863  874
58  1264
856  1251
1969  1033
1352  108
353  1518
704  598
226  13
92  412
1812  1946
1279  369
268  1138
1858  211
666  90
147  362
1332  1742
1124  1192
682  1156
1254  1754
1368  739
1603  1943
1949  1664
706  1736
1241  1393
755  199
631  1845
1474  109
1142  829
1615  821
1386  1388
1368  1270
502  203
1217  1040
1734  554
128  1052
1901  905
809  1109
1943  1295
1377  624
1559  477
1000  1493
1072  798
1964  533
1088  1780
495  43
919  1725
306  513
819  98
1855  1893
187  1863
1677  852
808  1003
168  142
1910  321
885  1552
1154  156
76  911
721  1005
1232  1317
1831  658
963  316
1345  1569
1855  1640
760  538
829  615
1192  1792
485  446
259  1592
1676  462
375  1008
584  26
1178  433
420  1457
147  732
507  1467
273  1578
247  495
1153  506
1645  971
86  293
1182  1240
230  852
1379  1456
15  1075
1822  1019
1760  1025
1858  1162
1059  840
126  1981
197  398
1896  678
115  1013
1628  980
1504  1143
1806  1083
1141  1274
78  242
597  412
813  1173
461  1050
849  388
397  740
748  1267
1704  1042
377  1534
1795  332
80  764
1527  1248
1112  947
621  599
1419  117
707  914
172  758
491  975
1270  1350
1919  364
1482  584
413  1277
618  1179
1459  1586
1016  960
1445  942
339  309
917  641
43  1380
1357  1819
680  1881
641  1015
522  1851
736  194
239  1225
518  1269
1379  889
1985  1126
1970  1753
1471  1289
1648  1109
1079  6
853  1720
586  973
1523  97
605  99
928  693
1479  1444
1010  30
1239  845
1818  93
692  267
331  31
520  694
1174  606
1275  1679
477  1482
442  1052
1195  1198
1475  1671
566  93
1543  1421
312  1331
992  1449
1784  1573
1906  226
1677  1539
181  1999
1238  1124
1393  1444
80  1517
538  683
793  1613
1995  412
804  1854
1722  1705
1047  448
550  1936
1165  1609
1055  343
1150  1082
1181  1611
935  1373
1314  750
1163  72
1915  637
1764  1473
496  820
265  1861
82  1630
804  1315
364  160
1832  609
1373  1801
1088  1152
718  99
1993  1130
545  266
1459  1755
1520  1517
1806  66
1040  702
395  293
610  63
791  751
105  1615
959  305
1129  639
1059  1395
289  1607
965  1799
282  492
1872  175
1631  1634
788  1177
38  1608
260  1179
889  35
1320  1190
98  858
1712  438
870  1685
1259  591
786  1602
1011  120
1229  1992
1386  433
1098  905
1100  665
1931  186
1326  169
238  386
271  1854
1334  941
360  1317
1873  855
270  753
1724  1404
135  1121
356  45
735  1414
212  1301
684  1570
927  185
299  277
286  1532
214  1580
604  1072
1661  870
65  1949
359  1710
351  1722
312  1761
935  136
384  491
1929  365
505  1848
1899  1007
456  610
1979  796
1295  1558
218  1110
259  1249
1112  330
831  1127
1362  97
148  1267
156  68
417  623
1038  49
605  1763
1446  1347
1871  1302
156  1638
1067  462
1224  1466
1949  1227
1395  933
300  811
487  1530
504  739
1421  709
1397  1508
837  1012
58  1951
838  1510
962  557
1614  761
1044  1714
951  1158
375  1129
1594  1404
28  1190
819  1018
1511  1429
856  1994
1001  38
1313  164
1421  643
639  1065
166  1762
193  104
1260  1204
561  1314
764  1309
1137  605
455  1777
308  772
1716  204
1770  1127
973  686
1294  370
1037  192
1007  1586
1229  84
1190  868
850  1275
874  1168
474  1247
1752  390
1837  894
1952  1306
594  781
1347  91
599  360
1882  1441
1471  732
419  1758
1188  61
696  557
1764  638
1463  18
91  95
667  1185
958  736
1134  414
1123  260
1707  1822
386  468
969  71
1014  81
581  652
275  1383
1664  1315
219  1854
1313  633
105  948
1214  207
1597  1311
68  415
1271  64
109  45
1465  1511
85  1460
888  1950
1946  1768
376  1708
1568  492
1982  1161
342  1012
69  360
783  924
454  1838
1996  1363
1277  1940
1389  1370
579  1906
571  1591
956  1889
805  879
1473  1098
248  518
154  163
687  623
1436  1664
35  1479
534  130
304  934
1473  505
235  1751
1577  1519
329  491
22  1515
1716  397
1113  1077
869  101
1673  2000
10  1646
88  844
311  904
654  543
488  1569
849  429
1661  1994
758  414
480  1840
41  1252
273  188
1086  694
718  1771
964  1159
475  845
511  1035
281  1779
1409  1599
365  1003
1209  1685
708  1198
1817  1722
1455  1141
244  1780
1321  1256
1726  358
1404  607
1378  1765
1093  144
1194  1301
567  463
66  1969
512  1664
104  1700
1576  1668
1251  1601
6  1521
1087  386
1133  748
602  149
198  1611
843  1312
1034  1236
63  1498
759  505
691  1953
1746  1834
960  184
1384  688
1731  1167
739  1445
106  432
236  39
76  286
1887  1933
370  52
1901  529
1594  1132
327  1231
280  584
1092  1201
30  37
989  84
871  369
1418  1403
735  1927
32  410
1110  1922
298  1280
827  1041
597  132
1313  944
1557  95
1304  615
1650  1967
1741  1353
299  104
1562  730
168  969
289  584
1567  1504
240  333
786  1317
1535  64
1636  1774
576  1872
1217  554
1581  662
790  1722
1782  1912
219  381
820  423
1399  1512
1460  120
1409  651
1680  817
343  1583
507  646
1207  378
1314  862
1689  1079
1237  964
1676  646
1560  1663
1662  1090
343  1487
4  184
1636  41
903  1084
1715  1192
1105  226
892  764
333  1601
318  96
591  745
943  1283
1224  1774
1452  1838
1377  681
990  788
1513  1576
1207  453
421  1702
906  24
517  512
1379  1482
1095  150
179  1897
1620  1666
61  1901
166  1914
759  968
292  309
146  1709
720  423
1708  1867
771  1295
1521  1337
142  312
1541  1030
175  33
278  823
1791  1371
1648  1909
1494  351
1567  257
1239  1689
445  233
1647  1399
34  1333
1819  792
1319  180
492  1985
506  1220
251  417
1425  917
1205  1683
608  700
869  880
1024  1023
1209  100
1313  934
98  1337
784  564
1211  278
1255  781
179  1784
818  368
1335  1952
1420  1729
1913  1353
106  76
1404  1742
1509  1152
1227  2
509  1023
1106  895
1941  1265
806  1497
150  893
1334  197
1579  675
1746  205
1055  1348
1662  952
1539  486
1496  1263
820  1435
1979  530
879  1921
93  932
585  1054
227  967
937  647
1952  1856
1063  111
980  1949
1101  1319
1696  1793
1543  463
255  1927
1297  1262
374  609
741  1828
296  955
866  425
275  719
353  158
360  1070
59  905
1476  668
1703  1551
467  1620
1542  1263
201  1458
1592  480
1366  1994
1312  61
69  557
1272  659
1643  1321
1010  1693
401  1932
797  1920
1367  1328
634  0
16  152
535  746
832  1328
1054  1272
1763  1598
1298  1734
1716  1528
743  1929
1324  1689
860  624
1504  805
1973  848
1251  838
1447  1558
257  818
1627  554
1613  110
1656  246
1216  1696
381  310
529  1691
1858  1235
508  503
1764  1682
1070  1979
632  1433
686  1502
1063  1798
1330  1260
1909  1927
611  129
1490  4
889  1343
1121  214
1236  1264
7  1367
1449  590
1053  762
1163  1462
1092  781
1085  1004
1011  1708
1295  740
1009  508
222  12
1393  123
1826  1144
844  292
1260  1528
1357  663
1945  878
509  1929
1868  491
1019  44
508  1841
555  1081
730  1448
1443  217
1835  1376
1186  687
1296  557
1409  204
1699  910
131  381
730  643
914  85
862  1961
1748  1410
1796  798
518  1031
1966  633
1346  413
753  1488
1994  1655
1073  366
52  1104
858  461
633  1298
242  630
1245  1834
1532  603
852  98
1285  229
331  1848
193  1352
1045  317
1788  1936
916  1018
579  1418
544  325
491  1358
1806  1068
364  1961
1937  1381
778  1846
248  816
1545  1309
1663  1105
332  348
1644  550
362  646
1583  617
515  269
1928  1723
1275  1840
1166  699
1329  1671
1895  760
708  1771
665  1582
22  136
607  1422
1366  592
1689  1851
224  1856
1354  1675
1440  440
470  798
211  591
605  1982
1417  828
781  368
1373  101
1531  1359
505  880
1318  1255
572  1704
1188  1152
1031  842
996  811
393  357
1947  1308
1668  958
211  1786
1166  784
171  1296
597  762
1088  527
1272  922
33  275
174  53
166  1511
106  1380
1276  975
317  786
1501  89
1468  1650
827  1076
1247  1480
1777  894
434  539
1923  70
928  1169
1878  407
191  1559
1490  1007
1898  335
1343  965
1990  1206
254  282
958  648
110  122
1309  1986
239  950
443  650
274  978
935  387
1664  1635
653  1492
1225  795
1602  174
1941  1688
1548  1064
455  838
637  1906
80  341
1102  1307
1370  799
1328  1056
1833  1210
1178  1324
714  1444
128  538
1724  1800
888  1389
554  162
921  1017
1869  800
583  1246
1738  407
908  1549
1523  1469
963  628
1206  138
283  1608
444  247
475  1857
31  961
1515  482
1360  1796
1413  275
1728  610
507  763
314  1739
1209  1929
699  1101
576  848
1746  1255
1830  1244
712  72
129  1497
1834  1999
401  1667
1528  1719
169  1064
1224  755
1346  1752
104  1377
97  714
1629  1178
211  1564
354  662
1793  912
1151  341
1501  718
1530  1235
1267  1240
1186  590
34  516
286  205
979  662
1266  1612
296  1219
1477  351
1311  1325
1672  1849
1011  722
1179  1011
1611  298
1339  957
1946  379
1267  256
1487  896
291  1369
110  1070
718  356
1861  698
1498  547
200  1648
968  462
436  668
1962  1369
1450  776
533  1242
764  180
77  1692
98  719
1528  1273
755  1409
1078  909
721  1308
1957  1195
1094  1257
323  328
1123  1190
1150  1432
1221  973
1070  381
527  178
118  846
1281  605
450  644
1913  1217
528  624
954  84
504  1854
1730  1515
458  569
169  1997
926  1907
335  865
856  1332
532  1291
1283  1641
418  121
1897  1042
490  1614
520  1151
573  1198
1442  1479
59  1130
182  340
1361  252
1824  821
119  1795
935  1041
541  1094
95  1542
1518  211
765  1435
308  1197
1183  998
891  1399
589  1527
90  1936
1724  1749
1541  218
1866  758
86  1955
104  1240
442  243
1593  1969
914  543
1399  1546
1767  1334
1562  1837
457  129
1741  905
1702  1375
106  980
854  753
1541  1823
742  297
1124  506
789  671
1758  1702
78  27
605  309
69  1824
1197  1190
1419  1075
1980  724
842  1861
124  943
23  506
1693  1359
517  1962
1189  1033
605  1127
56  250
1701  310
1202  1065
157  1169
1714  55
373  407
1576  1213
380  1605
742  1629
1747  62
278  1612
73  1761
919  1844
414  1185
1877  1996
1315  1668
386  1233
1505  1863
508  119
501  1642
804  781
1961  1247
711  1005
745  1496
1490  438
1302  236
735  1440
29  1826
1859  545
1320  541
1662  1231
819  570
574  500
783  476
522  850
184  100
385  1712
497  1427
633  575
1413  219
1768  919
218  43
1736  1825
1739  1768
733  1998
1866  1667
1565  1598
1131  469
721  307
166  135
801  1058
421  344
981  959
620  1489
1533  442
422  1313
1511  498
9  475
301  315
1148  1352
73  753
957  1273
625  1419
1016  533
170  856
87  1561
1372  1322
791  1679
1208  1354
418  1250
733  1119
344  1223
1608  1098
280  201
223  1330
1285  966
785  1575
194  1668
1041  622
70  512
1908  1573
1797  1549
1071  1943
1666  213
1184  783
1471  88
1524  1164
900  1463
298  1329
117  573
1755  1110
915  1177
1741  1215
1937  465
209  1766
812  1800
434  1476
485  1686
361  1988
416  216
541  318
52  1846
242  755
502  1693
1466  178
609  849
1066  47
422  1029
1138  1851
1097  1644
522  297
195  624
411  1158
1146  1625
691  845
1780  1478
1815  1034
1341  1073
515  648
1520  1076
1907  1500
425  375
57  1332
417  579
462  1686
1692  1230
1597  1630
56  773
371  1520
1145  44
1647  1056
1  191
956  300
1755  1843
1780  1987
663  732
40  875
1621  358
211  1158
1099  1144
198  236
621  1996
551  737
1178  1321
876  1674
263  1534
1508  1212
1664  1382
1692  1291
602  908
1762  1630
1315  1004
1501  1964
1042  1342
536  1741
1710  1605
273  40
1186  569
292  967
4  1907
1605  151
1384  1539
1983  662
269  485
1483  1426
676  636
1534  1521
534  1508
1747  928
1790  662
1640  1085
772  289
407  1655
1835  1607
644  20
669  820
1442  644
409  1140
276  1254
883  398
459  1532
1551  273
1518  1071
253  1934
1092  10
1658  427
1796  904
944  853
287  1261
1956  1611
70  1526
60  148
1567  1797
732  1510
1401  559
132  1992
1990  1083
159  1567
349  835
1863  465
1767  1569
1867  1745
1108  1065
389  1895
1916  404
857  1760
1781  305
1447  1015
1832  1096
1973  1746
1057  1693
996  725
841  1537
703  1128
615  1015
664  180
1590  107
930  142
1236  415
1885  869
1444  1574
1139  1074
118  124
1768  1722
213  1179
1719  912
1259  708
1674  465
299  557
1129  459
987  1626
668  1182
190  786
467  435
103  1193
93  1365
260  70
1647  34
849  376
40  148
316  1232
15  625
1025  552
1170  1669
941  870
90  260
1175  1080
700  811
767  25
884  96
106  8
1860  223
380  1497
57  1760
1871  962
1628  125
154  1254
155  1525
1887  1908
1131  1807
1481  1436
1582  946
417  1702
1969  605
907  950
457  1297
1534  8
459  1644
1021  1472
1956  1977
877  96
1182  1496
592  319
1838  1997
1363  1461
753  352
1267  1686
601  324
580  1896
1597  1308
1566  719
699  586
264  1922
788  219
1935  606
1145  501
940  1790
1521  815
1776  757
1635  49
1278  90
728  858
1393  410
842  672
284  645
396  1818
218  1304
633  822
1737  1910
1241  1171
505  1777
614  463
759  916
360  976
1465  663
1998  1656
744  1243
264  382
1078  1953
1830  847
1620  183
1990  1327
550  318
274  642
283  556
465  783
354  1330
1192  1380
1190  1526
1233  1568
401  1571
419  234
1189  1714
242  1720
1732  791
374  621
